1 1 1 1 1 1 1 1 3 3 3 3 3 3 3 3 3 4 4 2 2 3 4 4 2 2 3 1 1 0 1 1 0 1 0 1 1 0 1 0 10 1 4 5 5 4 4 5 4 4 5 4 4 4 4 4 4 4 4 2 3 3 3 3 3 3 3 3 3 4 4 2 2 2 2 4 4 4 3 3 1
2 0 0 0 1 1 0 0 4 4 3 4 4 3 4 3 3 5 5 1 1 1 5 5 1 1 1 0 0 0 0 1 1 1 0 1 0 0 0 0 7 2 3 4 5 4 4 4 4 4 3 4 4 2 4 4 5 4 5 1 4 3 3 3 2 2 4 3 4 5 4 2 1 1 1 5 5 5 4 5 1
3 1 0 1 1 1 1 1 3 3 3 4 4 3 3 2 3 4 4 3 2 3 4 4 3 3 2 1 0 0 0 0 1 1 0 1 0 1 1 0 8 8 3 4 4 4 4 4 4 4 3 4 4 3 4 4 4 4 4 4 2 3 3 4 4 2 4 3 3 4 2 2 2 2 2 4 4 4 3 3 0
4 0 0 1 1 2 1 1 3 3 3 3 2 3 4 4 4 4 4 2 1 3 4 5 2 1 2 1 1 0 0 1 1 1 0 1 0 1 0 0 6 1 3 4 4 5 4 4 5 4 5 5 4 2 4 4 5 3 4 2 3 3 2 2 2 2 4 3 3 5 2 2 2 1 1 4 4 4 4 3 0
5 0 0 0 0 0 0 0 3 3 3 3 3 3 2 2 3 5 5 5 1 1 4 4 1 2 4 1 1 0 1 1 0 1 0 1 1 1 0 0 5 3 3 5 5 5 5 5 5 4 4 5 5 4 4 5 5 5 5 3 1 1 1 1 1 1 4 2 4 5 3 1 1 1 1 5 5 5 4 4 0
6 0 0 1 1 0 0 1 3 3 3 2 3 1 2 2 3 4 4 4 2 1 4 4 2 2 4 0 0 0 0 1 1 1 1 0 0 0 0 0 10 6 3 5 5 5 3 2 3 4 4 4 2 1 4 2 4 3 5 5 2 2 2 1 1 3 3 2 5 5 5 1 2 1 1 5 4 5 2 5 0
7 0 1 0 1 1 0 0 3 4 3 4 4 4 3 3 3 4 3 2 2 2 4 4 3 2 3 0 0 0 0 1 0 1 0 1 1 0 0 0 9 2 4 5 5 5 5 5 5 5 4 5 5 4 4 5 5 4 4 3 5 4 3 4 3 1 3 5 5 4 2 2 2 4 1 5 4 5 4 4 0
8 3 1 1 2 1 1 1 3 3 3 3 3 2 3 2 3 3 3 3 2 3 3 4 3 3 3 1 1 1 0 1 0 1 0 1 1 1 1 0 6 7 4 4 3 4 4 4 5 4 4 5 5 5 5 5 4 4 4 4 4 4 4 4 3 3 3 3 4 4 4 2 3 3 3 3 3 3 3 2 1
9 1 1 2 2 1 1 1 3 3 3 4 3 3 3 3 3 4 3 3 3 3 3 3 3 4 4 1 1 1 0 1 1 1 1 1 1 1 1 1 8 7 4 4 5 5 5 4 4 4 4 4 5 5 5 5 4 4 4 3 2 2 2 2 2 2 4 3 3 4 4 3 3 3 2 4 4 4 4 4 0
10 1 1 1 1 1 1 1 3 2 3 3 3 2 2 2 2 3 3 3 2 3 3 4 2 2 3 1 1 1 1 1 0 1 0 1 0 0 1 0 7 2 3 5 4 4 4 4 4 4 4 4 4 4 4 4 4 3 3 4 4 4 4 4 4 4 4 4 3 4 3 2 2 2 2 4 4 4 4 4 1
11 1 1 1 1 0 0 1 4 2 3 4 4 2 2 3 4 4 3 3 1 1 5 5 1 1 4 0 1 1 0 1 0 1 0 1 0 0 0 0 8 1 4 4 4 5 4 5 5 5 5 4 5 3 5 5 3 3 5 3 2 1 1 1 2 1 2 1 3 4 4 3 3 3 1 4 4 4 3 5 0
12 1 0 0 1 0 0 1 4 4 4 4 4 4 4 4 4 5 5 5 3 2 4 4 2 2 2 0 0 0 0 1 0 1 0 1 0 0 0 0 7 1 4 5 5 5 5 5 5 5 5 5 5 4 5 5 5 5 5 2 2 2 2 3 2 1 4 3 4 4 3 2 2 2 2 2 5 5 4 4 1
13 0 0 1 1 0 0 0 3 3 2 3 3 2 2 2 3 1 4 2 1 3 3 3 4 2 2 0 0 0 0 1 1 1 0 1 0 0 0 0 8 9 3 4 4 4 4 5 4 3 3 4 4 4 3 3 4 4 3 3 3 4 3 3 2 2 4 3 4 5 3 2 2 2 1 3 4 4 4 4 1
14 1 1 1 1 1 0 0 4 3 3 4 4 3 3 3 3 4 4 2 1 1 4 3 1 1 1 0 0 0 0 1 0 1 0 1 1 0 0 0 7 1 3 5 4 4 4 5 4 4 4 5 5 5 5 5 4 3 5 2 3 2 2 2 3 2 4 3 5 5 4 1 1 1 1 4 5 4 4 5 0
15 1 1 1 1 2 1 1 2 3 2 3 3 1 2 3 2 4 4 4 2 3 4 4 2 2 3 0 1 0 0 1 0 1 0 1 1 1 1 0 8 2 3 4 4 4 3 4 3 3 2 4 3 2 2 3 3 2 2 5 4 2 2 2 1 2 4 3 4 4 3 2 2 2 2 3 4 4 3 2 0
16 2 1 2 1 1 1 1 3 3 3 2 3 3 3 3 3 4 3 3 2 2 4 4 2 3 2 1 1 0 0 1 0 1 1 1 0 0 1 1 3 3 2 3 3 4 3 4 3 5 3 3 4 1 4 4 5 4 3 5 3 4 2 3 3 3 4 2 2 4 4 2 2 2 2 3 3 4 2 3 0
17 1 1 1 2 0 0 1 3 2 3 4 3 3 3 3 2 4 4 3 2 2 4 4 3 3 2 0 0 0 0 1 0 1 0 1 1 0 0 0 8 2 3 5 5 5 4 5 4 4 4 4 4 5 4 4 4 4 4 3 2 3 3 3 3 2 2 3 3 4 4 2 1 2 1 4 4 4 3 4 0
18 0 0 0 0 0 0 0 3 2 3 3 3 2 2 1 2 4 4 3 2 3 3 4 2 2 2 0 1 0 0 1 1 1 0 1 1 0 0 0 9 7 2 4 4 4 4 4 3 4 4 4 4 3 4 4 4 3 4 2 3 2 2 2 2 2 2 2 4 4 4 3 4 2 2 4 4 4 4 3 1
19 0 1 1 0 0 0 0 4 3 4 4 4 3 3 3 3 4 4 2 1 1 5 4 1 2 2 0 1 0 0 1 0 1 0 1 0 0 1 0 9 3 4 5 5 5 5 5 4 5 4 4 5 4 5 5 5 4 5 3 2 1 2 1 1 1 4 2 3 4 4 2 2 2 1 4 4 4 4 4 1
20 1 0 1 1 1 0 0 3 3 3 3 1 2 3 2 2 3 3 2 2 2 3 4 3 2 3 0 0 0 0 1 0 1 0 1 1 0 0 0 6 8 3 5 5 4 4 5 5 4 3 4 3 5 4 4 5 4 4 4 3 3 3 4 2 1 4 4 3 5 4 1 2 2 2 4 4 4 3 3 0
21 1 1 1 1 1 0 1 4 4 3 3 1 3 4 4 4 5 5 1 1 1 5 5 1 1 1 1 1 0 0 1 0 0 0 1 0 0 1 0 10 1 4 5 5 5 5 5 4 4 5 5 5 2 5 5 5 2 3 3 5 5 1 1 1 1 1 5 5 5 5 1 1 1 1 5 5 5 5 3 0
22 1 0 1 0 1 1 0 3 3 2 3 2 1 3 2 3 4 4 2 2 2 4 5 2 2 2 1 1 0 1 1 0 1 0 0 1 0 0 0 8 6 3 4 4 5 5 5 4 3 3 4 3 2 2 4 3 4 4 2 3 4 2 2 2 2 4 2 3 4 2 2 2 2 2 4 4 3 4 4 0
23 1 0 1 1 1 0 1 3 3 3 4 4 3 3 4 3 4 5 3 1 3 4 4 3 1 3 1 1 0 0 1 0 1 0 1 0 0 0 0 9 1 3 5 5 5 4 5 4 5 4 4 5 3 4 5 4 4 4 1 3 3 4 3 3 3 4 3 4 4 4 2 2 2 2 3 4 4 3 3 1
24 1 0 0 1 1 0 1 3 2 3 4 3 3 2 4 2 3 3 3 2 2 2 4 4 2 4 0 1 0 0 1 0 1 0 1 1 1 0 0 9 2 4 5 5 5 4 5 5 5 4 5 5 5 5 5 5 5 5 3 3 2 2 2 2 1 4 3 4 5 2 2 2 2 2 4 4 4 4 4 1
25 1 1 1 1 1 1 1 3 2 3 4 4 3 3 3 3 5 5 3 1 3 5 5 1 1 1 0 0 0 0 1 0 1 1 1 1 0 0 0 6 3 3 4 4 4 4 5 4 3 3 4 5 3 4 4 4 3 4 3 3 3 3 3 3 3 3 3 4 5 5 1 3 3 1 5 5 5 3 3 0
26 1 1 2 1 1 1 2 3 2 2 3 3 2 1 2 2 4 3 4 3 2 4 3 2 3 4 0 1 1 0 1 0 1 0 0 1 1 0 0 5 5 2 4 4 4 4 4 2 4 4 4 4 3 3 4 4 4 3 4 2 2 2 2 2 2 4 2 3 4 3 2 2 2 2 4 4 4 3 3 0
27 0 0 1 1 0 0 0 3 2 3 4 3 2 2 3 2 3 4 2 2 3 3 3 2 2 2 1 1 0 0 1 0 1 0 0 1 0 0 0 7 3 3 5 4 4 3 5 4 3 4 5 4 1 4 4 3 2 4 4 4 4 4 4 3 4 5 5 3 4 4 2 2 2 2 3 4 3 4 3 0
28 1 0 1 0 1 0 1 3 3 3 3 3 3 3 3 3 3 3 4 4 4 2 3 4 3 4 1 1 0 0 1 0 1 0 1 1 0 1 0 10 6 3 4 5 5 5 5 4 5 5 5 5 2 5 5 5 5 5 2 2 2 2 2 2 2 3 2 4 4 2 3 3 2 2 4 4 4 4 4 0
29 1 2 1 2 1 0 1 4 2 2 4 4 3 3 3 3 5 4 1 1 1 5 4 2 1 1 0 0 0 0 1 1 1 0 1 1 0 0 0 8 1 3 4 4 4 5 5 4 4 4 5 4 4 4 4 3 3 3 1 3 3 3 3 3 1 5 3 3 5 4 1 1 3 1 5 5 4 3 4 1
30 1 1 1 1 1 1 1 3 3 3 3 3 3 2 3 3 4 5 2 1 2 3 4 1 1 1 1 1 0 0 1 0 1 0 1 1 0 0 0 5 1 4 4 4 4 5 5 4 4 3 4 5 4 4 4 5 4 5 1 3 3 3 3 3 3 3 3 2 2 4 2 2 2 2 4 4 5 4 4 1
31 1 0 1 1 1 1 0 3 3 4 3 4 3 4 4 3 5 5 2 1 2 5 4 1 1 2 1 1 0 0 1 0 1 0 1 1 0 0 0 8 1 3 4 3 5 4 5 4 4 4 4 5 1 4 5 3 2 4 2 3 4 4 2 3 3 2 2 3 4 4 2 2 4 2 4 4 4 4 4 1
32 1 1 0 1 1 1 1 3 2 2 2 3 3 2 2 2 4 4 4 2 3 3 3 3 2 4 1 1 1 0 1 1 1 0 1 0 1 1 0 7 4 3 3 3 4 4 4 3 3 4 4 3 2 4 3 4 4 3 2 2 3 2 2 2 2 2 3 3 4 3 3 2 2 2 4 4 4 4 4 1
33 1 1 1 1 0 0 0 3 3 3 3 3 3 3 3 3 4 4 2 3 3 5 4 2 2 3 0 1 0 0 1 1 1 1 1 1 0 0 0 8 8 4 4 4 4 4 4 4 4 4 4 4 3 4 4 4 4 4 3 3 3 3 3 3 3 3 4 4 4 4 2 2 3 2 4 4 4 4 4 0
34 1 0 0 0 0 1 0 3 3 3 3 3 3 3 3 3 4 4 3 2 2 4 4 2 1 2 0 0 0 0 1 1 1 0 1 0 1 0 0 5 4 3 2 4 5 4 5 4 4 4 5 5 4 4 5 5 5 5 4 4 4 3 2 2 1 4 3 3 4 4 2 2 2 2 4 4 4 4 4 1
35 0 0 1 0 1 0 1 4 2 3 3 1 2 1 2 2 4 4 2 2 2 4 4 2 2 2 1 1 0 0 1 0 1 0 1 0 1 1 0 10 10 4 5 5 5 5 5 5 5 5 5 5 3 4 5 3 4 4 3 3 2 2 2 2 2 2 2 3 4 3 2 2 2 2 4 4 4 3 3 1
36 0 1 0 0 0 0 0 3 2 3 3 3 3 2 3 2 4 4 2 2 3 4 3 2 2 3 1 1 0 0 1 0 1 0 1 1 1 0 0 7 2 4 4 4 4 4 4 3 2 2 4 3 3 4 3 4 3 3 3 3 3 3 3 3 3 4 3 4 4 3 2 2 2 2 4 4 4 4 4 1
37 0 1 0 1 0 0 1 3 4 3 3 3 3 2 3 3 3 3 3 2 1 3 3 3 1 3 0 1 0 0 1 0 1 0 1 1 0 0 0 8 5 3 5 5 5 4 5 4 5 5 5 5 4 5 4 5 4 4 3 5 4 3 3 3 3 4 4 4 5 4 1 2 2 1 4 3 4 3 4 1
39 0 1 0 0 1 1 1 3 3 3 3 3 3 3 3 3 4 4 2 2 3 4 4 4 2 4 1 1 0 0 1 0 1 0 1 1 0 0 0 10 10 2 5 5 4 2 4 4 4 5 4 4 4 4 4 4 3 4 2 4 4 4 2 2 4 4 4 2 2 2 3 3 2 2 4 4 4 3 3 1
40 1 1 1 1 1 0 1 4 2 3 4 4 3 2 2 2 4 4 2 2 3 3 4 3 2 3 0 1 0 0 1 0 1 0 1 1 1 1 0 7 3 3 5 4 4 4 4 3 2 2 5 5 4 4 4 4 3 3 3 3 3 3 2 2 2 4 3 3 4 3 3 2 2 1 3 4 3 3 3 1
41 0 0 0 0 0 0 0 4 3 4 3 3 3 2 3 3 4 4 2 2 2 4 4 2 2 2 0 1 0 0 1 0 1 0 1 1 1 0 0 9 6 3 5 5 5 5 5 4 5 4 4 5 4 4 4 4 4 4 4 3 3 3 3 2 2 4 2 4 4 4 2 2 2 2 4 5 4 4 4 1
42 0 0 0 0 0 0 0 3 3 2 4 3 2 2 3 3 4 4 2 2 3 4 4 2 2 2 0 0 0 0 1 0 1 0 1 1 0 0 0 8 5 3 4 5 5 5 5 5 4 4 4 4 4 4 4 5 5 4 4 4 4 4 3 3 3 5 3 4 4 4 3 3 3 3 4 5 4 4 5 1
43 1 0 1 1 0 0 0 3 3 2 3 3 2 2 3 2 4 4 3 2 2 3 3 2 2 4 0 1 0 0 0 0 1 0 1 0 0 1 0 10 5 3 4 4 5 4 4 1 4 4 4 4 1 4 4 4 4 4 3 2 4 2 2 2 2 4 2 4 4 3 2 4 2 2 4 4 4 4 4 0
44 0 0 0 1 0 0 0 3 2 3 3 3 2 3 4 3 4 5 2 1 2 4 5 2 2 4 0 1 1 0 1 0 1 0 1 1 0 0 0 8 5 3 5 5 5 5 5 4 4 3 5 5 4 4 5 4 4 4 1 3 2 2 2 2 2 4 3 4 4 4 1 1 2 1 5 5 5 4 4 0
45 1 1 1 1 1 1 1 3 3 3 3 3 3 3 3 3 4 4 2 2 2 4 4 2 2 3 1 1 1 0 1 1 1 0 1 0 1 1 0 7 7 3 4 4 4 4 4 3 3 4 3 3 3 3 3 3 3 3 3 3 3 3 3 3 3 3 3 3 3 3 2 2 2 2 4 4 4 4 3 1
46 0 0 0 0 0 0 1 2 2 3 3 3 2 3 3 3 5 4 1 1 1 4 4 1 1 2 0 0 0 0 1 0 1 0 1 1 0 0 0 6 1 4 4 4 4 4 5 4 3 4 4 4 2 3 4 4 4 4 2 2 2 2 2 2 2 2 2 2 3 2 2 2 2 2 3 5 5 5 5 0
47 1 1 1 1 1 1 0 3 2 2 3 3 2 2 3 2 4 3 4 2 3 3 3 3 2 4 1 1 1 0 1 1 1 0 1 0 1 1 0 8 5 3 3 4 3 3 3 4 4 4 4 4 3 4 4 5 4 4 5 3 3 2 2 2 2 4 4 4 4 4 1 2 2 1 4 5 4 2 3 0
48 1 1 2 0 2 1 3 4 2 3 4 4 3 4 4 4 4 4 3 4 2 4 3 2 3 2 1 1 1 0 1 0 1 0 1 0 1 0 0 8 3 4 4 5 5 4 5 3 4 5 5 5 5 5 4 4 3 5 3 2 3 2 1 1 1 4 3 2 4 3 2 2 1 1 4 4 4 3 4 1
49 1 2 2 2 2 1 2 2 2 2 3 3 2 2 3 3 4 4 3 2 3 3 4 2 2 3 1 1 0 0 1 0 1 0 1 0 0 0 0 8 2 3 5 5 5 4 4 4 4 5 4 4 2 4 4 5 3 4 2 3 3 2 3 3 1 5 4 3 4 3 2 1 2 1 4 5 4 4 5 1
50 0 0 1 0 0 1 1 3 3 3 3 3 2 2 2 2 4 4 3 2 2 4 3 3 3 2 1 1 0 0 1 1 0 1 0 1 1 1 0 6 4 3 4 4 4 3 4 3 4 3 4 4 3 4 4 4 3 3 3 2 2 2 2 2 2 3 2 4 4 3 2 2 2 1 4 4 4 4 4 0
51 0 0 0 0 0 1 0 3 3 2 3 3 1 3 3 3 4 4 3 2 3 4 4 3 2 2 1 1 0 1 1 1 1 1 1 1 1 1 0 8 4 3 3 4 3 4 3 2 2 2 2 4 3 3 2 3 2 4 4 3 4 3 3 3 3 3 4 4 4 4 2 2 2 2 4 4 4 3 3 0
52 1 0 0 1 0 0 1 3 3 3 4 3 4 2 3 3 4 4 2 2 3 4 4 3 3 3 0 1 0 0 1 1 1 0 1 1 0 0 0 10 1 2 5 5 4 5 5 5 4 4 4 4 4 4 5 5 4 4 2 5 4 3 3 3 4 5 4 4 5 3 4 3 2 2 4 4 4 3 3 1
53 0 0 0 1 1 0 0 1 2 3 2 3 3 2 3 3 4 4 3 2 2 3 3 3 2 4 1 0 0 0 1 0 1 0 1 1 0 0 0 5 2 3 4 4 4 4 4 4 4 4 4 4 4 4 4 4 4 4 2 2 2 2 2 2 2 4 3 3 3 3 2 2 2 2 4 5 4 3 2 1
54 0 0 0 0 0 0 0 3 3 3 3 3 3 2 3 2 4 4 2 2 3 4 4 2 2 2 0 1 0 0 1 0 1 0 1 0 0 0 0 7 7 3 4 4 4 3 4 3 3 2 3 3 4 4 4 5 5 4 2 2 4 4 3 2 3 4 3 4 4 4 2 2 2 2 3 4 3 2 3 1
55 1 1 1 1 1 1 1 3 3 3 4 3 3 3 3 3 4 4 2 2 2 4 4 2 1 4 1 1 0 1 1 0 0 0 1 1 1 0 0 8 2 2 4 4 4 4 4 4 4 4 4 4 4 4 4 4 4 4 4 3 3 3 1 1 1 4 2 2 4 4 2 3 3 1 4 4 4 4 4 0
56 1 0 2 1 2 0 1 4 2 3 4 3 3 1 2 3 4 4 2 2 3 4 4 1 2 1 0 0 0 0 1 0 1 0 1 1 0 0 0 6 2 4 4 5 5 5 5 4 4 5 5 5 3 3 4 5 3 4 2 3 3 2 1 1 1 4 2 4 4 2 2 2 1 1 4 5 4 3 4 0
57 1 0 1 1 1 0 1 2 2 3 3 3 2 2 2 2 3 4 3 1 2 3 4 2 2 3 0 0 0 0 1 0 1 0 1 1 0 0 0 2 2 3 5 4 4 4 4 3 4 3 4 4 3 2 3 3 4 3 3 4 3 3 2 3 2 3 3 3 4 3 2 2 2 2 3 4 4 3 3 1
58 1 1 1 1 1 1 1 3 3 3 3 3 3 3 3 3 4 4 2 2 2 4 4 2 2 2 0 1 0 0 1 0 1 0 1 1 0 0 0 7 2 3 4 4 4 4 4 4 4 4 4 4 4 4 4 4 4 4 3 3 3 3 4 3 2 4 4 4 4 4 2 2 2 2 4 4 4 3 3 0
59 1 1 1 1 0 1 1 3 2 3 3 3 2 2 3 3 3 2 2 1 3 4 3 2 4 3 0 1 1 0 1 0 0 1 1 1 1 0 0 1 1 4 5 5 5 5 5 5 5 4 5 5 5 5 5 4 4 4 2 2 3 2 2 2 2 4 3 5 4 4 1 2 2 2 1 5 5 4 4 1
60 1 0 1 0 0 0 1 4 3 3 4 3 3 2 2 3 4 4 2 2 3 4 4 3 2 2 1 1 0 0 1 0 1 0 1 1 1 1 0 6 5 3 5 4 5 4 4 4 4 5 4 4 3 5 4 3 3 4 3 3 4 3 4 3 2 4 4 3 5 3 2 2 2 2 3 4 4 4 4 0
61 0 0 0 0 0 0 0 3 3 4 4 4 3 3 3 3 5 4 3 2 2 4 3 2 2 2 0 0 0 0 1 0 1 0 1 1 0 0 0 10 1 4 5 5 5 5 5 5 5 5 5 5 5 5 5 5 5 5 2 2 2 2 2 2 2 2 2 4 4 3 3 2 2 2 4 4 4 4 4 1
62 0 0 1 0 1 1 1 3 3 3 3 3 3 2 3 2 4 4 2 2 2 3 4 2 2 2 0 0 0 0 1 0 1 0 1 1 0 0 0 9 6 4 4 4 4 4 4 4 4 3 4 4 3 4 4 4 4 3 2 3 2 2 2 2 2 3 2 4 4 4 3 2 3 3 4 4 4 4 4 1
63 1 0 0 0 0 0 0 4 1 4 4 2 3 1 4 3 4 4 1 1 1 4 4 2 2 1 0 0 0 0 1 0 1 0 1 0 0 0 0 9 5 3 3 3 4 3 4 5 4 5 4 5 1 5 4 4 3 4 1 1 1 1 1 1 1 5 1 5 5 5 1 1 1 1 5 5 5 3 5 1
64 1 2 2 2 2 1 2 2 3 3 2 3 3 2 3 3 2 3 4 2 2 2 3 4 2 3 0 1 0 0 1 1 1 0 1 0 0 1 0 8 2 4 3 4 4 4 4 3 3 4 4 4 4 3 3 4 4 4 4 3 3 3 3 2 2 4 4 4 4 3 2 2 2 2 4 4 4 3 4 1
65 1 0 1 1 1 0 0 4 3 3 3 3 3 3 3 3 4 4 4 2 2 3 4 2 4 3 1 1 0 0 1 0 1 0 1 0 0 0 0 8 2 3 5 5 5 5 5 5 5 5 5 5 4 4 4 5 4 4 2 2 2 2 2 2 1 4 4 4 5 4 1 1 1 1 1 4 4 3 4 1
66 0 0 0 0 0 0 0 4 2 4 4 4 4 4 4 4 5 5 2 2 2 5 5 2 2 4 0 0 0 0 1 0 1 0 1 1 0 0 0 7 9 3 5 5 5 5 5 5 5 5 5 5 5 5 5 5 5 5 1 2 2 2 2 2 2 4 2 2 4 4 2 2 2 2 4 4 4 4 3 0
67 1 1 2 2 2 0 1 3 2 3 4 4 3 2 2 3 4 4 3 3 3 4 3 2 1 4 0 1 0 0 1 1 1 0 1 1 1 0 0 6 2 3 4 5 5 5 5 5 4 3 4 5 4 4 4 4 4 3 2 4 3 3 4 4 3 4 4 4 4 4 2 2 3 3 4 4 4 4 3 0
68 1 1 1 1 1 1 1 3 3 3 3 3 3 1 2 3 3 4 3 2 2 3 4 3 2 3 0 0 1 0 1 1 1 0 1 1 0 1 0 7 6 3 5 5 5 4 5 4 4 4 4 3 3 4 4 4 4 4 2 4 4 3 3 3 3 4 3 4 4 3 2 2 2 2 4 3 4 4 4 0
69 0 0 1 1 0 0 0 3 3 3 3 3 3 3 2 2 4 3 4 1 2 4 4 3 4 4 1 0 0 0 1 0 1 0 1 1 0 0 0 10 10 4 4 4 4 4 4 4 4 3 4 4 2 3 3 4 4 4 2 2 5 5 5 5 2 5 5 5 5 3 3 3 3 3 4 5 5 5 4 0
70 0 1 0 1 1 0 1 3 4 3 2 3 3 2 3 3 5 4 2 2 2 5 4 2 1 4 1 1 0 1 1 0 1 1 1 0 1 0 0 8 1 4 4 4 4 4 4 4 4 3 4 3 2 3 4 4 3 4 2 5 4 4 3 3 1 4 3 5 4 2 3 3 1 1 4 5 5 5 4 0
71 0 0 0 0 0 0 0 1 2 1 2 2 2 2 3 3 5 4 2 2 3 3 4 2 2 2 0 0 0 0 1 0 1 1 1 1 0 0 0 10 2 2 5 5 5 5 4 4 3 4 5 5 3 2 5 5 3 3 3 3 3 4 3 2 2 2 3 3 3 3 2 2 2 2 5 5 5 5 5 0
72 1 0 2 2 1 0 1 3 3 3 4 3 3 3 3 3 4 4 3 2 2 4 4 2 1 3 1 0 0 0 1 1 1 0 1 1 1 0 0 7 4 3 4 4 5 4 5 4 4 5 4 5 1 4 4 4 3 4 4 4 4 4 3 3 3 4 4 4 5 4 2 2 3 2 4 4 4 3 4 0
73 0 0 0 1 0 1 0 4 3 3 4 3 2 2 3 3 4 4 2 2 1 4 3 2 3 2 1 1 0 0 1 0 1 0 1 1 0 0 0 8 2 3 4 4 5 5 5 4 5 4 5 5 1 4 4 5 4 4 2 2 2 1 1 1 1 4 3 2 5 2 1 1 1 1 5 5 5 4 5 0
74 0 0 1 0 2 0 0 3 3 3 3 3 2 2 3 3 4 4 2 2 3 3 4 2 2 2 0 0 0 0 1 1 1 0 1 0 1 0 0 9 2 4 4 4 4 4 5 5 5 4 4 4 4 4 4 4 4 4 3 2 3 2 2 2 2 4 3 5 5 5 2 2 2 2 3 5 4 3 3 0
75 1 0 0 0 1 0 1 3 3 3 4 4 3 3 3 3 5 4 2 1 3 4 4 1 2 2 0 1 1 0 1 0 1 0 1 1 0 0 0 5 5 3 4 5 4 5 5 4 4 4 4 5 4 4 4 4 5 4 2 3 3 3 1 2 1 5 3 2 4 2 2 2 2 2 4 4 4 4 4 0
76 1 0 1 1 0 0 1 3 4 4 4 4 3 4 4 4 5 5 1 1 1 5 5 1 2 1 1 0 0 0 1 0 1 0 1 1 0 0 0 5 5 2 5 5 4 4 4 3 3 4 4 4 3 4 3 4 3 4 3 3 3 3 3 3 4 4 3 2 2 1 2 3 4 3 3 3 3 3 3 0
77 0 0 0 1 0 0 0 3 2 2 3 3 3 3 3 3 3 4 3 2 3 4 4 3 3 3 0 0 0 0 1 1 1 0 1 0 0 0 0 3 1 3 5 4 4 4 4 5 4 4 4 4 4 4 4 4 4 4 2 3 4 2 2 2 2 4 3 3 4 4 1 1 1 1 4 4 4 3 4 1
78 1 1 2 2 3 0 2 3 2 3 4 4 3 2 2 2 3 3 3 4 3 4 4 3 4 4 1 1 0 1 1 0 1 0 1 0 1 1 0 7 3 3 3 4 4 4 4 3 4 4 4 4 4 4 4 4 3 4 5 2 2 1 2 1 1 4 3 3 5 3 3 2 2 2 3 4 4 3 3 0
79 1 1 1 1 1 1 1 3 2 2 3 2 2 2 3 3 4 4 4 3 3 4 3 3 2 2 0 1 0 0 1 0 1 0 1 1 0 0 0 10 1 3 5 5 5 5 5 5 5 4 5 4 4 4 5 5 4 4 4 4 4 4 4 4 2 5 5 5 5 4 2 2 2 2 3 5 5 3 4 1
80 0 1 1 0 1 0 0 2 3 2 2 3 2 2 3 3 4 4 3 2 1 4 4 3 2 3 1 0 0 0 1 0 1 1 0 1 0 1 0 7 2 3 4 3 3 2 3 3 3 2 4 4 2 1 3 3 4 4 3 4 4 4 4 2 2 4 4 4 4 3 3 3 3 2 3 4 4 3 4 0
81 0 0 0 0 0 0 0 4 2 4 4 4 4 4 4 4 5 5 2 1 2 3 5 2 4 4 0 1 1 0 1 1 1 1 1 0 1 0 0 8 3 4 5 5 5 5 5 4 5 5 5 5 3 5 5 4 5 5 1 2 2 2 2 2 2 4 2 5 5 4 1 1 1 1 5 5 5 5 5 1
82 1 1 1 1 1 0 0 3 3 3 2 3 3 2 3 2 4 4 2 2 2 4 4 2 1 1 0 1 0 0 1 0 1 0 0 0 1 0 0 7 1 4 4 4 4 3 4 2 2 3 5 4 2 2 3 4 4 3 2 4 5 4 4 4 3 4 5 4 4 3 4 4 2 2 3 4 4 3 4 0
83 0 0 1 1 0 0 0 2 3 2 2 1 2 1 2 2 4 4 2 2 2 3 4 4 2 2 0 1 0 1 1 0 1 0 0 1 1 1 0 8 3 3 4 5 5 4 5 5 3 3 5 4 4 3 4 4 3 1 1 2 2 2 2 2 2 2 2 3 3 3 2 2 2 1 4 4 4 3 3 0
84 0 0 1 1 0 0 1 3 3 3 4 3 3 2 4 3 4 4 2 2 1 4 4 2 2 2 0 1 0 0 1 1 1 0 1 0 1 1 0 10 1 4 4 4 4 4 4 4 4 3 4 4 2 4 4 5 4 4 4 2 2 2 2 2 2 4 2 5 5 4 2 2 1 1 4 4 4 4 5 0
85 1 0 0 1 1 0 0 4 2 4 4 4 4 3 4 4 5 4 1 1 1 4 5 1 1 1 1 1 0 0 1 1 1 0 1 1 0 0 0 9 2 4 4 4 5 5 5 5 4 4 4 4 2 4 4 4 3 4 2 4 4 4 3 2 2 4 4 5 5 3 2 2 1 1 5 5 5 4 5 1
86 1 1 1 1 2 1 1 3 3 4 4 3 3 3 3 3 4 4 2 2 3 4 5 1 1 4 1 0 0 0 1 0 1 0 1 0 0 0 0 8 8 3 5 5 5 4 5 5 4 4 4 5 4 4 4 5 4 4 2 4 4 4 4 3 4 5 4 4 4 3 2 2 2 1 4 4 4 4 4 1
87 1 1 1 1 2 1 0 3 2 3 3 4 3 2 3 2 4 4 3 2 2 3 4 2 3 2 1 1 0 0 1 0 1 0 0 1 1 0 0 7 5 3 4 4 4 3 4 3 4 3 4 3 2 4 4 4 3 4 4 4 3 3 2 2 2 4 4 3 3 3 3 3 2 2 4 4 4 3 3 0
88 0 0 0 0 0 0 0 3 3 3 3 3 3 3 3 3 4 4 4 2 2 4 4 2 2 2 0 0 0 0 1 0 1 0 1 1 0 0 0 6 4 3 5 5 5 5 5 5 5 5 2 4 2 4 4 4 4 4 2 3 4 4 4 3 3 4 4 4 4 4 3 4 3 2 4 4 4 2 3 1
90 1 1 1 1 1 1 1 3 3 3 4 3 3 3 3 3 4 4 4 2 3 3 4 3 1 2 0 1 0 0 1 0 1 0 1 0 0 0 0 5 5 3 4 4 4 4 4 2 4 4 4 4 4 3 3 3 1 1 4 4 4 4 4 3 3 4 4 4 4 4 3 2 2 1 3 5 4 4 3 0
91 1 0 1 1 1 0 0 1 3 3 4 4 2 2 3 2 5 4 2 1 3 4 5 1 1 4 1 1 0 0 1 0 1 0 1 1 0 0 0 7 1 4 5 5 5 4 5 4 4 4 5 5 4 4 5 5 5 5 3 5 4 3 3 3 1 5 5 5 5 3 2 3 1 1 4 5 5 5 4 1
92 1 1 1 1 1 1 1 4 3 3 4 4 3 3 3 3 5 5 5 1 2 5 5 2 2 3 0 1 0 1 1 1 1 0 1 0 0 1 0 9 1 4 5 5 5 5 5 5 5 4 5 5 4 4 4 5 5 5 2 3 3 2 2 2 2 2 3 4 4 4 2 3 2 2 4 4 4 4 4 1
93 1 1 1 1 1 1 1 3 2 3 4 3 3 2 3 2 4 4 2 1 2 3 4 2 2 3 0 1 0 0 1 0 1 0 0 0 0 0 0 10 1 3 5 5 4 5 5 4 4 2 4 4 4 4 4 4 2 4 2 2 5 3 2 2 2 5 3 4 4 4 2 1 1 1 4 4 4 4 5 0
94 0 0 1 1 0 1 1 3 2 4 3 3 3 2 4 3 1 4 3 2 2 4 4 2 2 2 1 1 0 0 1 1 1 0 1 1 0 1 0 8 8 3 4 5 5 4 4 4 4 4 4 4 2 4 3 4 4 4 3 2 2 2 2 2 2 3 3 3 5 3 2 2 2 2 4 4 4 3 4 0
95 1 2 1 1 1 1 1 2 3 2 2 2 2 2 2 2 4 4 4 2 3 4 4 2 2 2 1 1 0 0 1 0 1 0 0 0 1 1 1 7 8 3 3 3 3 4 4 3 3 3 4 3 3 3 3 3 1 1 3 3 3 3 3 3 3 3 3 3 3 3 3 3 3 3 3 3 3 3 3 0
96 0 0 1 1 1 0 0 4 2 3 3 3 2 3 3 3 4 4 2 1 3 2 3 2 2 3 0 1 0 1 1 0 1 0 1 1 0 0 0 6 1 3 4 5 4 4 5 5 4 5 5 5 5 5 4 5 4 4 2 4 2 2 2 2 1 4 4 2 5 2 1 1 1 1 4 5 4 4 4 1
97 1 0 1 1 1 0 0 4 3 3 4 4 3 3 3 3 5 5 4 1 3 4 5 1 1 3 1 1 0 0 1 0 1 0 1 1 0 0 0 8 1 3 5 5 5 5 5 5 5 4 5 5 1 5 5 5 5 5 4 4 4 3 1 1 1 3 3 4 5 5 1 1 1 1 4 1 5 2 5 1
98 0 1 0 0 0 0 0 4 4 3 4 4 4 2 3 3 4 4 3 2 3 3 4 2 2 2 1 1 0 0 1 0 1 0 1 1 0 0 0 5 1 4 2 4 4 2 4 4 4 4 4 4 4 4 4 4 4 4 3 4 4 4 4 3 2 3 3 4 4 4 2 3 2 2 4 4 4 4 4 1
99 1 1 0 0 1 0 0 3 3 2 4 3 2 2 2 2 3 3 3 2 3 3 3 3 4 3 0 0 1 0 1 0 1 0 1 0 0 0 0 5 6 3 4 4 4 3 4 3 3 2 3 3 2 3 3 3 2 2 2 2 2 2 2 1 1 4 3 5 3 3 3 3 2 1 3 3 4 3 3 1
100 1 1 1 1 0 0 1 3 3 3 3 3 3 2 3 3 4 4 2 1 2 4 4 3 2 3 1 1 0 0 1 0 1 0 1 0 0 1 0 5 8 3 4 4 4 2 4 3 3 4 4 4 3 3 4 4 4 4 3 3 3 3 3 3 2 4 3 4 4 4 3 4 3 2 4 4 4 3 3 1
101 1 1 2 1 1 0 1 4 3 3 3 3 4 4 4 3 5 4 2 1 3 5 5 1 2 3 1 0 0 0 1 0 1 0 1 1 0 0 0 5 1 4 5 4 4 4 4 5 5 5 5 5 4 5 5 5 4 4 2 2 2 2 2 1 1 4 1 4 5 4 3 2 2 1 5 4 5 4 4 0
102 2 1 1 1 1 1 1 4 3 3 4 3 2 3 3 3 4 4 3 2 2 4 4 2 3 2 0 1 0 0 1 0 1 0 1 0 0 0 0 5 2 3 5 4 4 4 4 5 5 4 4 4 1 4 4 4 4 4 2 4 3 3 2 3 2 4 3 3 4 4 1 1 2 1 5 4 5 3 4 1
103 1 1 1 1 1 1 1 3 3 3 3 3 3 2 3 3 4 4 3 1 2 4 3 3 2 4 1 1 1 1 1 0 0 0 1 0 1 1 0 9 6 2 4 5 5 5 5 4 4 4 5 5 3 4 4 4 4 5 3 2 3 3 2 2 2 4 2 3 4 5 1 1 1 1 4 4 4 4 4 0
104 0 1 0 0 1 0 1 3 4 4 2 3 3 3 3 3 5 5 2 3 2 4 4 3 2 2 0 0 0 1 1 1 0 1 1 1 0 0 0 5 4 3 4 3 4 4 5 4 4 3 3 4 3 4 4 4 4 3 3 2 3 3 3 3 3 4 4 5 5 4 2 2 3 2 4 5 4 4 4 1
105 1 0 1 1 1 0 1 3 3 3 3 3 2 2 3 3 3 3 3 2 2 3 3 2 2 1 0 1 0 0 1 1 1 0 1 1 1 0 0 9 2 3 4 5 5 4 5 4 3 3 3 4 5 3 4 4 4 3 4 3 3 3 3 2 3 4 3 3 4 4 2 2 2 2 3 3 4 3 3 0
106 0 0 0 1 1 0 0 3 2 3 3 3 3 1 3 3 4 4 2 1 2 4 4 2 2 3 1 1 0 0 1 0 1 0 1 0 0 0 0 7 1 4 5 4 5 5 5 4 5 4 5 4 4 3 5 4 4 4 2 2 5 4 3 3 3 4 3 2 5 4 2 2 2 1 4 4 4 5 5 1
107 0 0 0 0 0 1 0 3 4 3 4 4 3 2 3 3 5 4 2 1 1 4 4 3 1 3 0 0 0 0 1 0 1 0 1 0 0 0 0 9 5 4 4 5 5 4 4 4 4 4 5 5 3 4 4 4 4 4 1 2 2 3 2 2 2 4 3 4 4 4 2 2 3 2 4 5 4 4 4 0
108 0 0 0 1 0 0 1 4 1 4 4 3 4 4 3 4 5 5 2 1 2 5 5 1 2 1 0 0 0 1 1 0 1 0 1 1 0 0 0 10 1 4 5 5 5 5 5 5 5 5 5 5 5 5 5 5 5 5 1 1 1 1 1 1 1 5 1 5 5 5 1 1 1 1 5 5 5 5 5 0
109 1 1 0 0 0 0 0 3 3 3 4 4 3 2 3 3 4 4 4 2 4 3 4 2 3 3 0 1 0 0 1 0 1 1 0 0 1 0 0 7 5 2 4 4 4 4 4 3 3 3 4 4 1 4 4 4 3 4 2 2 3 3 2 3 3 3 3 4 4 4 1 1 1 1 4 4 4 4 4 1
110 0 0 0 0 1 0 0 3 2 3 3 3 2 2 3 2 4 4 3 3 2 3 4 4 2 3 0 1 1 0 1 0 1 1 1 1 0 0 0 9 2 3 5 5 5 5 5 4 5 4 5 5 5 4 4 5 4 3 3 3 3 1 1 3 2 5 4 5 5 4 1 1 1 1 5 4 4 3 3 0
111 2 2 1 1 2 1 1 3 2 4 4 3 2 3 3 3 4 3 3 2 2 3 4 3 2 2 1 1 0 0 1 1 1 0 1 1 1 0 0 6 6 3 4 4 4 3 4 3 4 5 4 5 4 4 4 5 5 5 2 2 2 2 2 2 2 4 3 4 4 3 2 2 2 2 3 4 3 2 3 0
112 1 1 2 1 2 1 2 3 2 3 3 3 3 3 3 3 3 3 3 2 2 3 3 2 3 3 0 1 0 1 1 1 1 0 1 1 0 1 0 10 5 3 4 5 5 5 5 4 3 4 3 4 3 4 4 4 4 4 3 2 2 2 2 2 2 4 3 2 4 2 2 2 2 2 4 5 3 4 4 1
113 0 0 0 0 0 1 1 3 2 3 3 3 3 3 3 3 4 4 2 1 3 4 4 1 2 3 1 1 0 1 1 1 1 0 1 1 1 1 0 6 4 4 4 4 4 4 5 4 4 4 3 4 4 4 4 4 4 4 2 4 3 3 3 3 3 3 4 3 4 2 2 2 2 2 4 4 4 4 4 0
114 1 1 1 1 3 1 1 3 2 3 4 3 3 3 3 3 4 4 2 2 2 3 3 3 3 4 1 1 0 0 1 1 1 0 1 0 0 0 0 10 3 4 5 5 4 4 4 3 4 4 4 5 5 5 5 5 4 5 2 2 2 1 1 1 1 3 4 2 2 4 2 2 2 1 4 5 5 5 5 0
115 1 1 2 1 1 1 1 3 2 3 3 3 3 3 3 3 4 4 2 2 3 4 5 2 2 2 0 0 0 0 1 0 1 0 1 1 0 0 0 8 4 3 5 5 5 4 5 5 5 5 5 5 4 4 5 4 4 4 3 4 4 4 4 3 2 4 4 4 4 5 2 2 2 2 5 5 5 4 5 1
116 1 0 1 0 0 1 0 4 3 4 4 4 3 1 1 2 4 4 2 1 2 4 5 1 2 3 0 0 0 0 1 0 1 0 1 1 0 0 0 10 4 3 4 4 4 4 4 2 1 2 5 1 1 2 4 3 2 2 3 1 2 2 3 3 1 4 4 4 4 2 2 2 2 1 3 4 4 3 4 0
117 0 0 0 1 1 0 0 3 3 3 4 4 3 3 3 3 4 4 2 2 1 4 5 2 2 3 0 1 0 0 1 1 1 0 1 1 0 0 0 7 2 4 5 5 5 5 5 4 4 4 4 5 4 4 5 5 4 4 2 2 3 2 4 2 2 4 3 4 4 3 2 2 2 2 4 4 4 3 4 0
118 0 1 1 1 2 0 1 3 3 3 4 4 3 3 3 3 4 4 3 2 2 4 4 2 1 3 0 1 0 0 1 1 1 0 1 1 0 1 0 9 2 4 5 5 5 5 5 4 4 4 5 5 4 4 4 5 5 4 2 2 2 2 2 2 2 3 3 3 5 2 2 2 2 1 5 5 5 4 4 0
119 1 1 1 1 2 0 3 3 3 4 4 4 2 2 2 2 5 5 3 2 2 5 4 2 2 3 0 1 1 1 1 0 1 0 1 1 1 0 0 6 7 3 3 5 5 3 5 3 4 4 5 5 4 4 4 4 3 4 2 2 2 2 2 2 2 4 2 4 4 3 2 2 2 2 4 4 3 3 4 1
120 2 2 2 2 2 0 1 4 3 4 3 3 4 3 3 2 5 5 1 1 1 5 4 1 1 1 0 1 0 0 1 0 1 0 1 0 0 1 0 8 5 3 5 4 4 4 4 2 4 4 5 4 3 4 4 5 2 4 1 3 1 1 1 1 1 5 3 3 4 3 2 1 1 1 5 4 4 3 4 1
121 1 0 0 1 1 1 1 3 2 3 3 3 3 3 3 3 4 3 3 2 3 3 4 3 3 4 0 1 0 0 1 0 1 0 1 1 0 0 0 7 7 4 5 4 4 4 4 4 4 3 4 4 3 3 4 4 3 3 2 4 4 3 2 2 3 2 4 5 5 5 2 2 2 2 4 4 4 4 4 1
122 0 1 1 1 1 1 1 3 2 3 3 2 2 2 2 2 4 3 3 3 3 3 4 2 3 4 1 1 0 0 1 1 1 0 1 1 1 1 0 3 3 2 4 4 4 4 5 4 4 4 4 4 4 3 4 4 4 4 4 4 4 4 4 4 4 4 4 4 4 4 3 2 2 2 3 4 4 3 3 1
123 0 0 0 0 0 0 0 3 3 4 3 3 3 3 3 3 4 4 4 4 4 4 4 4 4 4 0 0 0 0 1 0 1 0 1 0 0 0 0 8 5 3 4 4 4 4 4 4 4 4 4 4 4 4 4 4 4 4 4 4 4 4 4 4 4 4 4 4 4 4 4 4 4 4 4 4 4 4 4 1
124 0 1 0 1 1 0 0 3 3 3 3 3 2 2 3 3 5 4 2 2 3 4 5 3 2 4 0 1 0 0 1 0 1 0 1 0 0 0 0 8 7 3 5 4 4 4 4 4 4 4 4 4 4 4 4 4 4 5 4 4 3 3 4 3 4 4 3 3 4 4 3 2 3 2 4 3 3 3 3 1
125 0 1 1 0 1 2 2 3 2 3 3 3 2 2 3 3 3 4 3 2 2 3 3 2 2 2 0 0 1 0 1 0 0 0 1 0 0 0 0 8 8 4 4 4 5 4 5 5 5 4 5 4 4 4 5 5 4 4 4 3 3 3 3 2 2 4 4 3 3 4 2 2 1 1 3 4 4 3 3 1
127 1 1 0 1 0 0 0 3 3 3 3 3 3 2 3 2 4 4 3 2 3 3 4 3 2 3 0 0 0 0 1 0 1 0 1 0 0 0 0 9 4 4 4 4 4 4 4 4 4 4 4 4 4 4 4 4 4 4 4 5 4 2 2 2 2 4 4 3 3 4 2 2 2 2 4 4 4 4 4 1
128 1 1 1 2 1 1 1 3 2 2 3 3 2 3 3 3 3 3 4 2 2 4 3 1 2 4 0 1 0 0 1 1 1 0 1 1 1 0 0 5 4 3 5 5 4 4 4 4 4 4 4 4 4 5 4 3 3 4 4 2 2 2 3 2 1 3 4 3 4 4 2 2 2 2 3 4 4 3 3 1
129 0 1 1 1 1 0 1 3 3 3 4 4 2 2 3 3 4 4 2 2 3 4 5 2 2 2 1 1 1 0 1 0 1 1 0 0 0 1 0 7 1 4 5 5 5 4 4 4 3 3 4 4 2 5 5 5 4 3 2 5 5 4 2 2 2 3 2 4 5 3 1 2 2 2 5 5 5 5 5 0
130 0 0 0 0 0 0 0 3 3 3 3 3 3 3 3 3 4 4 2 2 3 4 4 2 2 2 0 0 0 0 1 0 1 0 1 0 1 0 0 6 8 3 5 4 4 4 5 4 4 4 4 4 4 4 4 4 4 4 2 4 4 4 3 2 2 4 4 3 4 4 2 2 2 2 4 4 4 4 4 0
131 1 1 1 1 1 0 0 3 3 3 4 3 2 2 3 3 4 3 3 2 2 4 4 2 2 3 0 0 0 0 1 0 1 0 1 1 1 0 0 5 5 4 5 5 5 4 5 4 4 3 5 5 2 4 4 5 5 4 2 3 2 2 3 2 1 4 3 4 4 3 2 2 2 1 4 4 4 4 4 1
132 1 1 0 1 1 1 1 4 3 4 4 4 4 3 3 3 5 4 2 1 2 4 3 2 3 4 0 0 0 0 1 0 1 1 1 0 0 0 0 7 9 3 4 4 4 4 5 5 5 4 4 4 4 5 4 4 4 4 3 3 3 3 2 2 1 4 2 4 4 4 2 1 1 1 4 4 4 4 4 1
134 0 1 0 0 0 0 0 2 3 3 3 4 3 3 2 2 4 3 1 3 1 4 4 3 1 2 1 0 0 0 1 0 1 0 1 1 0 0 0 6 5 3 5 5 5 4 5 4 4 5 5 4 3 4 4 4 3 4 3 3 3 2 2 2 2 2 2 3 4 3 3 3 3 3 4 4 4 4 3 1
135 1 1 1 1 0 0 1 3 2 3 4 4 2 2 3 3 4 4 3 2 4 3 3 3 2 2 0 0 0 0 1 0 1 0 1 1 0 0 0 7 1 3 4 4 4 4 4 4 4 4 4 3 3 4 3 4 4 4 3 4 4 3 3 3 3 4 4 3 4 3 3 2 2 1 3 4 3 3 4 0
136 1 1 2 2 1 1 1 3 4 2 3 3 2 2 2 2 3 3 4 2 3 2 4 1 1 2 1 1 0 0 1 0 1 1 0 0 0 1 1 5 2 3 3 4 4 4 3 1 2 3 3 3 1 2 3 3 1 2 4 4 4 3 2 3 3 3 4 4 4 2 2 2 2 1 3 3 4 3 3 1
137 0 0 0 1 1 0 1 3 2 2 3 3 2 2 2 2 3 3 3 2 3 3 3 2 3 3 0 0 1 0 1 0 1 0 1 1 0 0 0 8 2 4 4 5 5 4 4 4 4 4 4 4 2 4 4 4 4 4 4 4 4 4 3 3 3 4 3 3 5 4 3 3 3 3 3 4 4 4 4 1
138 1 1 1 2 1 1 1 3 3 2 3 3 2 2 2 2 3 4 3 2 3 4 3 3 3 3 1 0 0 1 1 0 1 1 1 0 0 1 0 8 2 3 4 5 4 4 5 4 4 4 4 4 4 4 4 4 4 4 3 3 3 2 2 2 2 4 2 3 4 4 2 2 4 2 3 4 3 2 2 1
139 1 1 1 1 1 1 1 2 3 3 3 3 3 3 3 3 4 4 4 2 2 4 4 2 1 4 1 1 0 1 1 1 1 0 1 1 0 1 0 10 1 4 5 4 5 4 4 4 4 3 5 4 3 3 4 4 4 4 2 2 3 4 3 3 2 4 4 3 4 4 2 2 3 2 4 4 4 3 4 1
140 2 3 1 1 1 1 1 3 3 3 3 3 3 3 3 3 5 5 3 2 2 4 3 2 2 3 0 1 1 1 0 0 1 0 1 1 1 0 0 5 6 3 4 5 4 4 4 4 4 4 4 4 4 4 4 4 4 4 4 4 4 4 4 3 3 4 4 4 3 3 3 3 3 2 3 4 3 4 4 1
141 0 0 1 1 0 1 0 4 2 3 2 3 2 2 3 3 4 4 2 2 2 3 3 2 3 3 0 1 0 0 1 0 0 0 1 1 1 0 0 8 3 3 4 4 4 4 4 3 4 4 4 3 2 4 4 4 4 5 3 3 2 2 2 1 1 4 3 3 4 2 3 2 2 2 3 4 4 4 4 1
142 0 0 0 1 0 0 0 4 4 3 4 3 3 2 3 3 4 5 1 1 1 4 4 2 1 3 0 1 0 0 1 0 1 0 1 1 0 0 0 9 1 4 5 4 5 5 5 5 5 4 5 5 4 4 5 5 5 5 2 4 3 3 3 4 3 4 4 4 5 5 1 1 1 1 5 5 5 5 4 1
143 2 3 1 1 2 0 0 3 3 4 3 3 3 3 3 3 4 4 2 2 2 4 4 2 2 2 0 0 0 0 1 0 1 0 1 0 0 0 0 3 2 3 5 5 5 5 5 5 4 5 5 4 4 4 5 5 4 4 4 4 4 4 4 4 2 4 4 4 4 2 2 2 2 2 4 4 4 4 4 0
144 1 0 0 0 1 0 1 3 3 4 4 3 3 4 4 4 5 4 3 2 3 3 4 2 2 4 0 0 0 0 1 0 1 1 1 1 1 0 0 10 5 3 4 4 4 5 5 4 2 4 5 3 3 4 4 3 1 3 5 5 4 2 2 2 2 3 4 3 5 4 1 1 2 1 4 4 5 4 4 0
145 1 1 2 2 1 0 0 3 2 4 2 3 3 3 2 3 5 4 3 2 3 4 5 2 1 2 1 1 0 1 1 1 1 0 1 0 0 0 0 10 8 3 4 5 4 4 4 3 4 4 5 4 2 4 4 4 2 3 3 4 3 2 2 2 2 4 2 4 5 4 2 2 3 3 4 4 4 2 3 1
146 2 1 1 2 1 1 2 2 3 2 3 3 2 2 3 3 4 4 3 2 3 4 5 3 2 2 1 1 0 0 1 0 0 0 0 0 1 1 0 8 5 3 4 5 5 5 3 2 5 4 4 5 2 4 4 3 3 4 3 4 3 3 3 1 1 4 4 4 5 3 2 3 5 1 3 4 5 3 3 1
147 0 0 0 1 1 0 0 3 3 3 3 3 2 3 3 2 4 4 2 2 3 3 3 2 1 2 0 0 0 0 1 1 1 0 1 1 0 0 0 5 2 3 4 4 4 3 3 3 4 2 4 3 2 3 3 4 3 3 4 3 3 3 3 3 3 4 3 4 4 3 3 2 2 2 3 4 3 3 4 0
148 0 1 0 1 0 0 1 4 3 3 3 3 3 4 4 4 4 4 2 2 2 4 4 2 2 3 0 1 0 0 1 1 1 1 1 1 0 1 0 9 5 3 4 5 5 4 4 4 3 4 5 4 3 4 4 4 3 4 4 3 3 2 2 2 1 3 3 3 3 3 2 2 2 2 4 4 4 4 4 1
149 1 1 1 1 1 1 1 3 3 3 4 4 1 3 3 3 4 4 2 2 2 4 4 2 3 2 0 0 0 0 1 0 1 0 1 1 1 1 0 10 5 4 4 4 3 2 4 3 2 2 5 3 3 3 4 5 2 3 3 4 3 3 3 3 3 3 3 3 3 3 3 3 3 3 3 5 5 5 5 0
150 0 0 0 0 1 0 1 4 1 4 4 3 2 1 3 4 5 5 1 1 1 5 5 2 1 1 0 0 0 0 1 0 1 0 1 1 0 0 0 3 8 4 5 5 5 5 5 4 4 5 5 5 1 4 4 4 3 4 1 1 1 1 1 1 1 5 5 5 5 5 1 1 1 1 5 5 5 5 5 0
151 1 1 1 0 1 0 0 2 2 2 2 2 1 1 2 2 4 3 3 2 3 3 4 3 2 4 0 0 0 0 1 0 1 0 1 1 0 0 0 3 2 3 3 3 3 2 2 2 2 1 2 2 1 2 3 3 3 3 4 3 3 3 3 3 3 3 4 4 4 4 3 3 3 3 3 3 4 3 3 1
152 1 1 1 1 2 1 2 3 2 2 3 2 1 1 2 1 4 4 3 3 3 3 4 2 2 2 1 1 1 1 1 0 0 0 0 0 0 0 0 5 5 2 4 4 5 5 5 5 4 3 4 4 5 4 4 4 4 3 4 3 3 3 3 2 2 3 3 2 4 2 2 2 2 2 3 3 3 2 2 1
153 0 1 1 0 1 0 0 3 3 3 3 3 3 2 3 2 4 4 2 2 3 4 3 2 2 4 1 0 0 0 1 1 1 0 1 1 1 0 0 9 1 3 4 4 4 4 3 4 4 2 5 4 3 2 4 4 3 4 2 4 4 4 5 2 3 5 3 4 5 2 2 2 2 2 4 4 4 4 4 1
154 1 0 1 1 0 0 1 4 2 4 3 3 2 3 4 4 4 3 4 1 3 3 5 2 3 4 1 1 0 0 1 1 1 0 1 1 0 0 0 8 4 4 5 5 5 4 5 4 4 4 4 4 3 3 4 2 3 4 4 3 2 3 2 3 2 4 3 5 5 4 3 3 3 2 4 4 4 3 4 1
155 1 1 0 1 1 1 0 3 3 3 4 3 3 3 3 3 4 4 2 1 2 4 4 1 1 1 1 1 0 1 1 1 0 1 1 0 1 0 0 8 5 4 4 5 5 4 5 4 4 5 4 4 5 5 5 5 5 4 1 1 2 3 2 1 1 4 3 4 5 5 1 1 1 1 1 5 5 4 4 0
156 0 1 1 0 0 1 0 4 2 3 3 3 3 3 3 4 4 4 2 2 3 3 4 1 1 2 0 1 0 0 1 1 1 1 1 1 0 0 1 5 1 3 4 4 4 4 4 4 3 4 4 4 4 3 4 4 4 4 2 2 2 2 2 2 1 4 3 4 5 4 2 2 2 2 4 4 4 3 4 1
157 1 1 1 1 1 0 1 4 3 3 4 3 3 4 3 3 4 4 3 3 3 3 5 4 1 4 1 1 0 1 1 1 1 0 1 1 0 0 0 9 5 4 5 5 5 4 5 4 4 4 5 5 4 5 4 5 5 5 2 5 5 5 5 5 3 5 5 5 5 4 2 1 1 1 5 4 3 3 4 1
158 2 2 1 2 1 1 0 3 2 3 3 4 3 3 3 3 4 4 2 1 4 3 4 2 2 3 1 0 0 0 1 1 1 0 1 1 0 0 0 10 5 4 5 5 4 4 4 4 4 4 4 5 2 4 4 5 3 3 2 4 2 1 1 2 1 5 2 4 5 3 2 1 1 1 3 4 4 2 3 1
159 2 1 2 1 1 1 1 3 2 3 3 3 3 3 3 3 4 4 3 2 2 3 3 2 2 2 0 0 0 1 1 0 1 0 1 0 1 0 0 10 8 3 5 5 5 5 5 5 5 5 5 4 4 4 4 4 4 4 4 4 4 4 3 2 2 4 4 4 4 3 4 2 2 2 3 4 4 4 4 1
160 0 1 0 1 0 0 1 3 3 3 3 3 3 2 3 2 4 4 2 2 3 4 4 2 2 3 1 1 1 0 1 0 1 0 1 1 0 0 0 5 5 3 5 4 4 4 4 4 4 4 4 5 2 4 4 4 4 4 3 4 4 4 4 3 4 5 4 4 4 4 2 2 2 2 4 4 4 4 4 1
161 1 1 1 1 1 1 1 3 3 3 2 2 2 2 2 2 3 3 3 3 3 4 3 3 3 3 1 1 0 0 1 0 1 0 1 1 1 0 0 5 5 3 5 4 4 4 4 4 4 4 4 4 4 4 4 4 4 4 3 4 3 4 3 3 3 3 3 4 4 4 2 2 3 2 3 4 4 4 4 0
162 0 1 1 1 1 1 1 2 3 2 2 3 2 2 3 3 3 4 3 2 2 3 4 2 2 3 1 0 0 0 1 0 1 0 0 0 0 1 0 5 3 3 5 4 4 4 3 3 3 3 5 4 5 3 4 4 3 4 3 3 3 3 2 3 2 4 2 3 4 3 3 3 3 2 3 3 4 3 1 1
163 0 0 1 1 0 0 0 4 3 4 4 4 4 3 3 3 5 5 2 2 2 4 4 2 2 4 1 1 0 0 1 0 1 0 1 1 0 0 0 8 4 3 5 5 5 4 4 4 4 4 4 4 4 4 4 4 4 4 2 2 4 4 2 2 2 4 4 4 4 4 1 1 2 2 4 4 4 3 4 1
164 1 1 1 2 1 0 2 3 2 2 3 4 2 2 3 2 3 4 3 2 2 4 3 2 3 2 0 1 1 0 1 1 0 0 0 0 1 1 0 8 2 3 4 4 4 4 4 3 3 3 5 4 4 4 3 4 3 4 2 2 2 2 2 2 2 4 4 4 4 3 2 2 2 2 3 3 4 3 3 1
165 0 1 0 2 1 1 1 4 2 4 3 4 3 3 3 3 5 5 1 1 2 5 5 1 1 4 1 1 1 1 1 1 1 0 1 1 1 1 0 8 2 3 4 5 5 4 4 3 3 4 5 4 3 5 5 5 4 5 3 3 5 3 3 3 3 5 5 2 5 4 1 1 1 1 4 4 4 4 4 1
166 0 0 1 0 1 0 0 3 3 4 2 3 4 3 4 2 5 5 1 1 2 3 5 1 1 2 0 0 0 0 1 0 1 0 1 1 0 0 0 2 4 4 4 5 4 3 5 3 4 2 5 5 2 3 4 5 4 4 2 2 2 1 2 1 1 4 2 4 4 3 2 1 1 1 4 4 4 4 3 0
167 1 1 1 1 1 0 1 3 3 3 3 3 2 3 3 3 3 3 2 2 3 3 3 1 3 2 0 1 0 1 1 1 0 0 0 0 0 1 0 3 4 3 4 4 4 4 5 4 4 4 4 4 2 4 4 4 4 5 3 3 3 3 3 2 1 4 3 3 4 4 2 2 2 1 3 5 4 3 4 0
168 1 1 1 1 1 0 1 3 3 3 3 2 2 2 3 2 4 3 4 2 3 3 3 2 2 3 0 0 0 0 1 0 1 0 1 0 0 1 0 7 3 3 4 4 4 4 5 4 4 4 4 4 2 2 3 3 4 4 3 4 3 3 3 3 3 3 4 3 4 4 3 3 3 3 3 4 4 3 4 0
169 1 0 0 0 1 1 0 4 3 3 4 4 3 3 4 4 4 4 2 3 2 5 4 1 1 2 0 1 0 0 1 0 1 0 1 1 1 0 0 9 1 4 5 5 4 4 4 4 4 5 4 4 4 4 4 4 4 5 2 3 4 3 2 3 2 4 3 5 5 4 2 2 2 1 3 4 4 3 4 0
170 1 1 1 1 1 0 1 3 2 3 3 3 2 2 3 3 4 3 2 2 2 3 3 2 2 3 0 1 0 0 1 1 1 0 1 1 1 1 0 6 3 3 4 3 4 3 3 3 3 3 4 5 3 3 4 3 3 3 3 3 3 2 3 3 2 4 2 4 3 3 2 2 2 2 3 4 4 3 3 0
171 0 0 0 0 1 0 0 3 4 2 3 4 3 4 4 4 4 4 4 2 3 3 3 2 5 3 0 0 0 0 1 1 1 0 1 1 0 0 0 8 3 2 5 4 4 4 4 4 5 4 5 5 2 5 4 5 4 5 3 4 3 3 2 2 2 4 3 2 4 3 2 2 2 3 4 4 4 3 4 0
172 1 1 2 1 3 1 1 3 2 2 3 2 2 1 2 2 3 4 3 3 3 4 3 3 3 3 1 0 0 0 1 1 1 0 1 0 0 0 0 5 5 3 3 3 4 4 4 3 3 2 3 3 3 3 4 3 3 3 3 3 3 3 3 2 3 3 3 3 3 3 3 3 3 3 3 3 3 3 3 0
173 1 0 1 1 0 0 0 3 2 2 4 3 2 2 2 3 4 3 2 1 2 3 4 1 1 3 1 1 0 0 1 0 1 0 1 1 0 1 0 8 10 3 4 4 4 3 3 2 3 3 3 4 2 4 4 4 3 3 2 3 2 2 2 2 1 4 2 5 5 5 3 3 2 1 4 4 4 3 3 0
174 1 0 0 1 1 0 0 3 3 3 3 2 3 3 3 3 5 4 3 2 4 3 4 3 2 4 0 1 0 1 1 1 0 1 1 1 0 0 0 8 6 4 5 4 5 5 4 4 4 4 5 3 1 2 4 4 3 4 2 5 4 3 3 2 2 2 3 4 4 2 3 3 2 2 4 4 4 4 3 1
175 0 0 0 0 0 0 0 4 3 3 3 3 3 2 3 3 4 4 2 2 2 4 4 2 2 2 1 0 0 1 1 0 1 0 1 1 0 0 0 9 9 2 3 4 5 5 5 4 5 4 4 5 2 4 4 4 3 3 2 5 4 2 2 2 3 5 5 3 5 3 2 2 2 2 4 4 4 4 4 0
176 0 1 1 0 0 1 1 3 3 3 3 3 2 3 3 3 4 4 3 2 2 4 4 2 2 2 0 0 0 0 1 0 1 1 1 1 0 0 0 7 3 4 4 4 4 4 3 2 3 3 4 4 3 4 3 4 4 4 3 3 2 2 2 2 2 3 3 4 4 2 2 2 2 2 4 4 4 3 4 0
177 1 0 0 1 1 0 1 3 3 3 4 4 2 3 3 3 5 5 2 2 2 4 5 3 2 4 0 1 1 0 1 1 0 1 0 0 1 0 0 10 4 3 4 4 3 4 2 2 2 4 4 4 1 4 4 5 3 5 5 4 4 4 2 2 2 4 4 3 5 3 2 4 2 2 3 4 4 3 2 0
178 1 1 1 1 1 0 1 3 3 3 3 3 3 3 3 3 5 5 2 2 3 4 4 2 2 2 0 1 0 0 1 0 1 0 1 1 0 0 0 5 5 3 5 5 5 5 5 5 5 4 5 5 2 4 5 5 4 4 2 4 4 3 3 3 1 4 5 3 5 2 2 2 1 1 4 4 4 3 3 1
179 1 0 0 1 1 1 2 3 2 3 4 3 3 1 3 3 3 4 2 2 3 4 4 2 2 3 0 1 1 0 1 0 1 0 1 0 0 1 0 7 5 4 3 4 4 4 4 3 4 4 4 4 3 3 4 4 4 3 4 4 4 4 3 3 3 4 4 3 4 4 2 2 2 2 4 4 4 3 3 0
180 1 0 1 1 2 1 1 3 2 2 2 2 3 2 3 1 3 4 4 2 2 3 3 2 3 1 0 1 0 1 1 1 1 1 1 0 1 1 0 10 6 3 5 4 5 5 3 4 4 3 5 2 3 2 4 4 1 2 5 2 2 3 3 2 2 4 3 4 4 3 2 2 3 2 4 3 4 2 3 1
181 0 0 1 1 0 1 1 2 2 3 3 4 2 2 2 2 4 4 3 2 3 4 4 2 4 3 1 1 0 0 1 0 1 0 1 1 0 1 0 6 8 3 3 3 3 3 4 3 3 2 4 3 2 2 2 3 3 2 4 3 3 2 2 2 2 4 4 5 5 3 2 1 1 1 4 4 4 3 3 1
182 1 1 1 1 1 0 1 3 3 3 4 4 3 3 3 3 5 5 2 2 2 4 4 2 2 3 0 0 0 0 1 0 1 0 1 1 0 0 0 8 1 4 4 4 4 4 4 4 4 5 4 4 3 4 4 4 4 4 2 2 4 3 3 2 1 4 3 4 5 3 3 2 2 1 5 5 5 5 4 0
183 1 0 1 1 1 1 0 4 2 3 4 4 4 3 3 3 4 4 2 2 4 4 4 3 2 2 1 1 0 0 1 0 1 0 1 1 0 0 0 5 1 4 5 5 5 5 5 5 4 4 5 4 3 4 4 4 2 4 2 4 4 3 3 3 2 4 2 2 5 3 2 2 2 1 4 4 5 4 4 0
184 2 3 2 1 1 1 2 3 3 3 3 3 3 3 3 3 4 4 3 2 4 4 4 2 2 2 1 0 0 0 1 0 1 0 1 0 0 0 0 7 8 3 4 4 5 4 4 4 4 4 4 4 3 4 4 4 4 3 4 4 4 3 4 3 3 4 4 4 4 4 2 2 2 2 4 4 4 4 4 0
186 1 2 3 2 1 0 0 3 2 3 3 3 3 2 3 3 3 3 3 2 3 3 4 2 2 2 0 0 0 0 1 0 1 0 1 1 1 0 0 5 2 3 5 5 4 4 5 4 4 4 4 4 4 4 4 4 4 5 4 4 3 3 3 2 2 4 3 3 4 2 3 2 2 2 3 3 4 3 3 1
187 0 0 0 1 1 0 0 3 2 3 4 3 3 3 2 3 3 3 3 2 2 2 4 3 3 4 0 1 0 0 1 1 1 0 1 1 1 1 0 7 2 3 4 4 5 5 5 4 4 4 5 4 4 4 4 4 4 4 3 3 3 2 2 2 1 1 2 2 4 3 2 2 2 1 4 3 3 3 4 1
188 1 1 1 1 1 0 1 4 3 4 4 3 3 3 3 2 4 3 4 2 2 3 3 1 1 4 1 1 0 0 1 0 1 0 1 0 1 1 0 10 1 2 5 5 5 3 3 3 3 3 4 5 1 4 4 4 4 4 2 3 2 2 2 2 1 3 2 5 5 5 3 2 2 1 4 5 4 2 4 0
189 2 2 2 1 1 1 2 4 2 3 3 3 3 3 3 3 4 4 4 3 3 4 4 3 4 3 1 1 1 0 1 1 1 0 1 1 1 0 0 7 8 3 4 5 5 5 5 5 5 4 4 4 4 5 5 4 4 4 5 3 3 3 2 2 1 3 3 3 3 3 2 2 3 2 4 4 4 3 3 0
190 1 0 1 1 1 1 1 3 3 3 4 3 2 2 3 1 4 4 3 2 3 2 4 3 3 3 1 1 1 0 1 1 1 0 1 0 1 1 0 7 3 3 5 5 5 5 4 3 4 2 5 5 2 4 5 5 3 3 4 3 3 3 2 2 2 4 3 4 5 4 2 2 1 1 3 4 4 3 4 1
191 0 0 0 1 0 0 0 3 3 3 4 4 3 2 3 3 5 4 1 2 2 4 4 1 1 1 1 1 0 0 1 1 1 0 1 1 0 0 0 10 7 2 5 5 5 5 5 5 5 5 5 5 5 5 5 5 5 5 2 2 2 2 2 2 2 2 2 3 3 4 3 3 2 2 4 5 4 3 2 0
192 0 0 0 0 0 0 0 3 3 3 4 4 4 2 2 3 5 5 3 1 3 4 5 2 1 3 0 0 0 0 1 0 1 0 1 1 0 0 0 7 2 3 4 4 4 4 5 4 3 3 4 4 4 4 4 5 3 4 2 4 4 4 4 4 4 4 4 3 4 3 2 3 3 2 3 4 4 3 4 0
193 0 0 3 3 0 0 3 2 4 4 3 3 3 3 3 3 4 4 2 2 4 4 4 2 2 2 1 1 0 1 1 0 1 0 1 1 0 0 0 9 1 3 5 4 5 5 5 5 4 4 3 4 4 4 4 5 4 4 2 5 5 4 5 4 4 5 5 3 4 4 3 3 3 2 3 4 4 3 3 0
194 1 1 0 1 0 0 0 4 3 4 4 4 4 4 4 4 4 5 2 2 1 4 4 2 2 2 1 0 0 0 1 0 1 1 1 1 0 0 0 3 3 3 3 3 4 5 5 4 4 5 2 4 2 5 5 3 4 4 3 3 4 3 3 2 2 4 4 4 3 2 2 2 2 2 4 4 4 2 3 0
195 1 1 2 1 1 1 3 3 3 2 3 3 2 2 2 2 4 3 3 3 3 3 4 2 4 3 0 1 0 0 1 0 1 0 1 0 0 0 0 7 6 4 5 5 4 2 4 2 4 2 4 5 2 3 3 4 4 3 3 2 2 2 2 2 2 4 2 3 4 3 2 3 2 2 3 4 4 4 4 0
196 0 1 1 1 1 0 0 3 2 3 3 3 3 3 3 3 4 4 2 2 3 3 4 2 2 4 1 1 0 0 1 0 1 0 1 1 0 0 0 9 1 4 4 4 4 4 5 4 4 4 5 5 4 4 4 4 4 4 2 4 3 4 3 3 3 4 4 4 5 4 1 2 2 2 5 4 4 4 4 0
197 0 1 0 0 0 0 0 4 4 3 4 4 4 4 4 4 5 5 2 2 2 5 4 1 1 4 1 0 0 1 1 1 1 0 1 1 0 0 0 10 1 4 5 5 5 5 5 5 5 5 5 5 3 5 5 5 5 5 4 4 4 4 4 4 4 4 4 4 5 5 5 2 2 2 4 5 5 5 5 1
198 1 1 1 1 1 0 0 3 3 3 3 3 1 2 3 2 3 3 3 4 3 3 3 3 2 3 1 1 0 0 1 1 1 0 1 0 1 1 0 7 6 3 3 4 3 4 4 4 3 3 3 3 2 2 3 4 2 3 3 3 4 4 4 3 3 4 4 4 4 4 2 3 3 2 3 4 4 3 4 1
199 1 1 1 1 1 0 1 3 3 3 4 4 3 3 3 3 3 4 3 2 3 4 4 3 2 2 0 1 0 0 1 0 1 0 1 1 0 0 0 10 8 3 5 5 5 5 5 4 4 4 4 5 3 4 4 4 4 4 2 4 4 4 4 4 4 4 3 4 4 4 2 2 2 2 4 4 4 3 4 1
200 0 0 1 1 1 0 1 3 3 3 4 3 2 1 1 1 3 3 2 2 2 2 3 3 1 3 1 1 0 0 1 0 1 0 1 1 0 1 0 6 8 2 5 5 5 5 5 5 5 2 4 4 2 3 4 4 4 3 3 3 3 3 3 2 1 4 4 3 4 2 3 2 1 1 1 4 3 3 4 1
201 1 1 1 1 1 0 2 4 3 3 3 4 3 3 3 3 3 4 3 2 1 3 4 1 2 1 1 1 1 1 1 1 1 0 1 0 1 1 0 8 2 4 5 5 5 4 5 4 3 5 5 5 4 5 4 4 4 5 3 3 4 3 3 2 2 4 3 4 4 4 2 2 2 2 4 4 4 3 4 0
202 0 1 0 0 1 1 0 4 3 3 4 4 3 3 3 4 5 5 2 1 3 3 4 1 1 2 0 1 0 1 1 0 0 0 1 1 0 0 0 9 8 3 5 5 4 4 5 3 5 4 5 4 4 3 5 5 4 5 2 4 1 3 3 3 2 4 4 3 4 3 2 4 3 1 4 4 4 4 4 0
203 1 1 1 1 1 1 1 4 3 3 4 4 3 2 2 3 4 3 3 2 3 4 4 2 1 3 1 1 0 0 1 0 1 0 1 1 0 0 0 9 1 3 4 5 5 5 5 5 5 4 5 4 5 4 4 5 4 5 5 3 3 3 4 3 5 4 4 3 5 5 3 3 3 2 3 4 4 3 3 1
204 1 1 2 0 1 0 1 3 3 3 4 3 3 3 3 2 4 3 3 2 3 4 4 3 2 3 1 0 0 0 1 0 1 0 0 0 1 0 0 8 3 3 4 4 4 4 5 3 3 3 4 4 2 3 3 4 4 4 4 2 3 2 2 2 2 3 3 4 4 3 3 2 2 2 4 4 4 4 4 1
205 0 0 0 1 1 1 1 4 2 4 4 4 4 3 4 4 4 4 2 1 2 4 5 1 2 3 0 1 1 0 1 0 1 0 1 0 0 1 0 10 1 4 4 4 5 4 3 2 2 5 5 4 1 4 3 4 2 4 4 2 3 3 3 3 3 4 4 4 4 4 2 2 2 2 4 4 4 4 3 0
206 1 1 0 0 1 0 0 4 3 3 4 3 3 3 4 4 4 3 3 2 4 3 4 4 2 4 1 1 0 1 1 1 1 0 1 1 0 0 0 10 10 4 5 5 5 4 5 5 4 4 5 5 3 4 5 5 3 4 4 5 3 3 5 2 2 5 4 4 5 2 1 2 2 2 4 4 4 4 4 1
207 1 1 0 1 0 1 1 3 3 3 3 3 3 3 3 3 4 4 2 2 2 3 4 2 2 2 1 0 0 0 1 0 1 0 1 1 0 0 0 8 7 3 4 4 4 4 4 4 4 4 4 4 4 4 5 5 4 4 2 2 2 4 3 2 2 3 2 2 3 3 2 2 2 2 4 4 4 4 4 0
208 1 1 1 1 1 1 0 3 2 3 4 3 3 2 2 2 3 4 3 2 5 4 3 3 2 4 1 1 1 0 1 0 1 0 1 0 0 1 0 7 4 3 4 4 4 3 5 4 4 3 4 4 1 4 5 5 4 3 3 2 2 2 1 1 1 4 2 3 4 3 1 3 3 1 5 4 5 3 4 1
2003 0 1 0 0 0 0 0 3 3 3 3 4 3 2 3 3 5 4 3 1 3 3 4 3 2 2 0 0 0 0 1 0 1 0 1 1 0 0 0 6 2 4 4 5 5 4 5 4 5 4 4 4 3 3 3 5 4 4 2 3 3 3 3 2 2 3 4 5 5 5 1 2 2 1 4 5 5 4 5 1
2006 1 0 0 1 1 1 1 3 3 3 4 3 2 2 3 2 4 4 3 2 2 4 3 1 2 3 0 1 0 0 1 1 1 0 1 0 0 0 0 10 1 3 5 5 5 5 5 4 3 3 5 4 4 4 4 5 4 4 2 2 1 1 1 1 1 4 2 2 5 2 1 1 1 1 3 5 3 3 3 0
2011 0 0 1 1 1 0 0 3 3 2 3 3 2 1 2 3 4 4 3 2 3 3 4 2 2 3 0 0 0 0 1 1 1 0 1 1 0 0 0 8 2 3 4 4 5 4 4 3 2 3 4 2 2 2 4 4 4 3 3 3 3 2 2 2 3 4 3 2 5 3 2 2 2 1 4 5 4 4 3 1
2013 1 1 2 1 0 0 1 3 2 2 3 3 2 1 2 1 4 3 4 2 3 3 5 3 3 4 1 1 0 0 1 1 1 0 1 0 1 1 0 7 5 2 3 3 4 3 3 3 2 2 2 3 2 2 2 3 3 2 3 3 3 3 3 3 3 4 3 3 4 2 2 2 3 2 4 4 4 4 4 1
2015 3 2 2 2 2 2 2 4 3 3 4 4 3 2 3 3 4 5 3 2 1 4 5 2 2 4 0 1 0 0 1 0 1 0 1 1 0 0 0 7 2 4 5 5 5 5 4 4 3 4 5 4 3 4 3 5 4 4 2 2 3 3 3 3 2 4 3 3 5 4 2 2 2 1 4 5 4 4 3 1
2016 0 0 0 0 1 0 0 2 3 3 4 3 3 3 3 3 4 4 4 2 3 3 4 2 2 3 1 0 0 0 1 0 1 0 1 1 0 1 0 7 7 3 3 4 4 3 3 2 4 4 3 4 4 3 4 4 3 4 4 4 4 3 4 4 3 4 4 4 4 3 2 4 3 4 3 4 4 3 4 1
2018 0 0 0 0 0 0 0 3 4 3 3 4 2 2 3 3 5 3 3 1 3 3 4 1 2 1 0 1 0 0 1 0 1 1 0 0 0 1 0 5 3 3 4 5 5 3 4 3 5 3 5 4 3 4 3 5 5 3 4 5 2 2 3 3 2 5 2 4 3 3 2 1 2 1 4 4 4 3 3 0
2020 0 0 0 1 1 0 0 3 3 4 3 2 2 3 2 3 4 4 3 2 2 3 4 3 2 2 0 0 0 1 1 0 1 0 0 0 0 0 1 6 6 2 3 4 4 4 4 3 3 3 4 4 1 2 3 4 2 3 3 4 4 4 3 3 2 3 4 4 3 3 2 2 3 1 4 4 4 3 3 0
2022 0 0 0 2 1 1 0 4 4 4 4 4 3 4 3 4 5 4 2 1 3 4 5 1 2 3 0 0 0 0 1 0 1 0 1 1 0 0 0 10 1 4 5 5 5 4 5 4 4 4 4 4 1 4 4 3 4 4 1 3 3 3 3 3 3 3 3 3 4 3 2 2 2 2 4 3 4 4 5 0
2027 1 0 0 1 0 0 0 3 3 3 4 4 2 2 2 3 5 4 3 1 2 3 4 2 2 2 1 1 0 0 1 1 1 0 1 0 0 0 0 8 5 2 5 5 5 4 5 5 4 4 5 5 4 4 5 5 5 5 3 2 2 1 1 1 1 2 1 3 4 3 2 2 1 1 4 4 4 4 3 0
2031 0 0 0 1 1 0 0 3 3 3 3 2 2 2 3 2 4 3 4 1 2 4 5 2 2 2 0 1 0 0 1 1 1 0 1 1 1 0 0 10 5 4 5 4 4 4 4 4 4 3 4 4 3 3 4 4 3 4 3 4 4 3 5 5 3 4 4 3 5 3 3 3 3 3 3 4 4 3 3 1
2033 1 1 1 1 1 1 1 3 2 2 4 4 3 3 3 3 3 3 4 2 2 4 4 2 2 2 1 1 0 0 1 1 1 0 1 1 1 0 0 10 6 4 4 4 4 4 5 4 4 5 5 5 4 4 4 4 2 5 5 3 3 3 3 3 3 4 3 3 4 3 2 2 2 2 4 4 4 3 3 1
2039 0 1 0 0 1 0 1 3 3 4 3 3 3 2 3 3 4 4 2 2 2 4 5 2 2 2 0 1 0 0 1 0 1 1 1 1 0 0 0 9 2 4 5 5 5 5 5 5 5 4 5 4 3 3 5 5 4 4 3 4 4 3 4 2 2 4 3 4 4 3 3 3 2 2 4 4 4 4 4 1
2040 1 1 1 1 1 0 1 3 4 3 4 3 3 3 4 3 5 4 5 2 3 4 5 2 1 2 1 1 0 0 1 1 1 0 0 0 0 1 0 10 5 3 4 4 5 5 4 3 2 2 5 4 3 4 4 5 3 3 4 4 4 2 3 4 3 4 3 5 5 2 2 3 3 2 4 4 4 3 3 1
2041 1 1 1 1 2 0 1 2 3 3 3 3 2 2 3 2 4 3 2 3 3 3 4 3 2 4 1 1 0 0 1 0 1 0 1 1 0 0 0 7 5 3 4 4 4 4 5 4 4 4 5 4 3 3 3 4 3 4 4 3 3 2 3 4 3 4 3 4 4 3 2 2 2 2 4 4 4 3 3 0
2049 1 1 1 1 0 1 0 3 2 3 3 3 2 2 3 2 4 4 3 3 3 3 4 2 2 4 1 1 1 1 1 1 1 0 1 0 1 1 0 7 3 3 4 4 4 4 4 4 3 3 4 4 3 4 3 4 3 3 3 4 3 3 3 3 3 4 3 4 4 3 2 2 2 2 3 3 4 3 4 1
2051 1 1 1 1 1 1 1 3 2 3 3 3 3 1 3 3 3 3 3 3 2 4 4 3 2 4 1 1 0 0 1 1 1 0 1 1 1 0 0 9 9 3 5 4 4 4 4 3 4 4 4 4 4 4 4 4 3 4 2 3 3 2 2 2 2 4 2 3 4 2 2 2 2 2 4 4 4 4 4 1
2055 1 1 0 1 1 1 1 3 3 3 3 3 3 3 3 3 4 4 2 2 2 4 4 2 2 2 0 1 0 0 1 0 1 0 1 0 0 0 0 9 7 3 4 4 4 4 4 4 4 4 4 4 4 4 4 4 4 3 2 4 4 3 4 4 4 4 4 4 4 4 2 2 2 2 4 4 4 4 4 0
2056 1 1 0 1 0 1 0 3 3 4 3 3 3 2 3 3 4 5 2 2 2 4 5 2 2 3 1 1 0 0 1 0 1 0 1 1 0 0 0 9 1 3 5 4 4 4 5 5 3 4 5 4 4 4 4 5 4 4 4 4 4 4 3 2 2 4 4 4 5 3 2 2 2 2 5 5 5 4 4 0
2057 2 2 3 3 2 1 1 3 3 1 3 3 2 1 1 2 3 3 4 4 3 2 2 3 2 2 1 1 0 1 1 1 0 0 1 0 0 0 0 9 2 4 5 5 4 3 3 3 3 2 5 3 5 3 3 5 3 2 4 4 4 3 3 2 2 4 4 3 4 4 3 2 2 1 3 4 3 3 3 0
2058 1 0 1 1 1 0 1 3 3 4 4 4 4 4 4 3 5 4 2 1 2 5 5 1 1 2 0 1 0 0 1 0 1 0 1 1 0 0 0 7 3 2 5 5 5 4 4 3 5 5 5 5 5 3 4 4 3 5 3 3 3 3 3 2 2 5 4 3 5 3 2 2 2 2 3 4 4 5 4 1
2059 1 0 1 1 1 0 1 4 2 3 4 4 3 3 3 3 4 4 2 1 2 3 4 3 2 4 1 0 0 0 1 1 1 0 1 0 1 0 0 7 7 3 4 4 4 4 4 4 4 4 4 4 4 4 4 4 4 4 3 4 4 4 4 3 3 4 4 4 4 4 4 3 3 2 4 4 4 3 4 0
2060 0 1 1 0 1 1 1 4 3 4 4 4 4 4 3 3 5 5 2 1 4 4 4 4 2 1 1 1 0 0 1 0 1 0 1 1 0 0 0 9 8 4 5 5 5 5 4 5 5 5 5 5 5 5 5 4 4 5 1 4 5 5 5 5 4 5 5 5 5 4 2 2 2 2 5 5 5 4 4 0
2061 0 0 0 1 1 0 1 3 3 3 4 4 3 3 3 3 4 4 3 2 3 4 4 2 1 3 1 1 0 0 1 1 1 0 1 1 0 0 0 6 2 3 4 4 4 3 5 2 3 4 3 4 3 4 4 4 4 4 3 2 2 2 1 1 1 4 3 3 5 3 2 1 2 1 4 4 4 4 4 0
2064 1 1 1 1 2 1 1 2 2 2 3 3 2 3 3 2 4 4 3 2 2 4 4 3 1 4 1 1 1 0 1 1 0 1 0 0 1 1 1 7 5 3 4 4 4 4 4 4 3 3 4 4 2 3 3 3 2 3 3 3 3 4 3 2 2 3 2 3 4 2 2 2 2 2 5 5 5 3 4 1
2065 1 1 1 0 0 0 1 3 3 3 3 3 3 2 2 2 3 3 3 2 3 3 4 3 2 3 0 0 0 0 1 0 1 0 1 1 0 0 0 10 1 3 5 5 5 4 4 4 4 4 5 4 3 4 4 5 4 4 4 5 5 4 4 3 2 4 4 3 5 3 3 2 3 2 3 4 4 3 4 1
2066 0 1 1 1 1 0 0 3 2 4 4 4 4 3 4 4 1 4 2 2 2 3 4 3 2 4 0 0 0 0 1 0 1 0 1 0 1 0 0 8 6 4 5 5 5 4 4 4 5 4 4 4 4 4 4 4 5 5 3 2 3 2 3 2 2 4 4 3 5 4 2 2 2 2 4 4 4 4 4 0
2067 1 1 1 1 1 1 1 3 2 3 4 4 2 2 3 2 4 3 4 2 2 2 3 2 2 2 1 1 0 0 1 0 1 0 1 0 1 1 1 9 2 3 4 5 4 4 4 4 4 4 5 4 4 4 4 4 4 4 3 4 2 2 2 2 2 4 3 5 5 3 2 2 2 2 4 4 4 4 3 1
2068 1 1 2 1 1 1 1 2 2 1 1 1 1 1 2 1 2 3 4 4 2 3 4 4 2 4 0 0 0 0 0 1 1 0 0 0 1 0 0 9 2 4 4 4 4 4 4 3 4 3 4 3 2 3 3 3 2 4 4 4 3 3 3 3 3 5 2 3 5 4 2 2 2 2 4 3 3 3 3 0
2071 0 0 0 0 0 0 1 3 3 2 4 4 4 2 2 2 5 4 4 2 1 3 5 3 1 2 1 1 0 0 1 0 1 0 1 0 0 1 0 10 5 3 4 3 3 4 5 5 4 3 4 4 2 3 4 2 3 4 4 2 3 2 1 1 1 1 1 4 5 3 2 2 1 1 5 3 4 3 3 0
2074 1 1 1 1 0 0 1 4 4 4 4 4 4 4 4 4 5 5 1 1 1 5 5 1 1 1 0 0 0 0 1 0 1 0 1 0 1 0 0 9 10 4 4 4 5 5 5 4 4 5 4 5 4 5 5 4 4 4 2 5 5 5 5 5 3 5 5 5 5 5 2 2 2 2 4 4 4 4 4 1
2075 1 0 1 1 1 0 0 3 2 2 3 3 2 2 2 2 3 3 4 2 2 2 3 2 2 4 1 1 1 1 1 0 1 0 1 1 0 1 0 10 1 3 5 4 4 3 4 3 3 3 4 3 1 3 3 3 3 4 4 3 3 3 4 3 2 4 3 3 4 3 4 3 3 3 3 2 3 3 2 0
2077 2 1 2 2 1 0 2 3 3 4 3 2 4 2 3 2 5 5 4 3 4 5 5 4 3 4 1 1 1 1 1 1 1 0 1 1 0 1 0 9 7 3 4 4 5 4 3 3 3 4 4 3 1 3 3 3 3 2 3 3 2 2 1 1 1 2 2 4 5 2 3 2 2 2 2 5 4 2 4 0
2080 1 1 1 2 2 2 3 3 2 3 4 3 4 3 3 3 5 4 3 1 1 4 4 1 1 1 0 0 0 0 1 1 1 0 1 1 0 0 0 7 1 4 5 5 4 4 5 5 5 4 5 5 3 4 4 5 4 4 4 1 1 1 1 1 1 3 1 3 5 3 1 1 1 1 4 5 5 4 5 1
2082 1 1 0 1 0 0 1 4 3 3 4 4 4 3 3 3 4 4 2 2 2 4 5 1 3 4 0 0 0 0 1 0 1 0 1 1 0 0 0 10 1 4 5 5 5 5 5 5 5 4 5 5 4 4 4 4 4 4 2 2 2 2 2 2 2 5 2 2 5 2 4 2 2 2 4 4 4 4 4 1
2084 1 1 1 1 2 0 0 3 3 3 3 3 2 2 3 3 4 4 4 2 3 3 4 2 2 4 0 0 0 0 1 0 1 0 1 0 0 0 0 8 1 3 4 4 4 4 4 4 4 3 3 3 1 3 3 3 3 3 3 3 3 3 3 2 2 4 2 4 4 4 2 2 2 2 3 4 3 4 2 0
2092 2 1 3 3 2 0 0 3 3 3 4 3 3 2 3 2 4 4 2 2 3 4 4 2 3 4 0 1 1 0 1 1 1 0 1 1 0 0 0 8 10 3 4 5 5 4 5 3 4 3 4 3 3 3 5 5 5 4 3 4 3 3 2 2 2 4 4 4 5 4 3 3 3 2 4 4 4 4 2 0
2095 0 1 0 0 0 0 1 3 2 3 3 3 3 3 3 3 4 4 2 2 2 4 4 2 2 3 1 0 0 0 1 0 1 0 1 1 0 0 0 9 6 4 4 3 4 5 5 3 3 3 5 5 3 4 4 3 3 5 2 2 4 2 3 2 2 4 3 4 5 3 3 2 2 2 4 4 4 4 4 1
2097 1 1 1 1 1 1 2 3 3 3 3 3 3 2 3 2 4 3 4 2 3 4 4 3 2 3 0 0 1 0 1 0 1 0 1 1 0 0 0 8 10 4 4 5 5 5 4 4 4 4 4 4 3 4 4 4 3 3 4 5 5 3 5 3 3 3 4 3 4 3 2 2 2 2 3 3 3 2 2 0
2098 0 0 0 0 0 1 0 2 3 2 2 2 2 2 2 1 4 4 3 2 2 4 4 3 2 2 0 1 0 0 1 1 1 0 0 1 1 1 1 7 6 3 4 3 2 3 3 3 3 3 3 2 2 2 2 3 3 2 3 3 3 3 2 2 2 2 2 3 3 3 3 3 3 3 3 4 4 4 4 1
2100 0 1 0 1 0 0 0 3 3 3 4 3 2 2 3 3 4 4 4 2 2 3 4 2 2 4 0 1 0 0 1 0 0 0 0 0 1 1 0 5 5 3 4 4 4 4 4 3 3 3 4 3 3 4 4 4 3 3 2 3 2 2 2 2 2 4 2 3 4 2 2 2 2 2 4 4 4 3 2 1
2103 1 0 0 0 1 0 0 3 3 3 3 3 3 2 2 2 3 4 4 2 2 4 4 2 2 2 0 0 0 1 1 0 1 0 1 1 0 0 0 7 7 4 4 4 4 4 4 4 4 3 4 4 3 4 4 4 4 4 2 2 2 2 3 2 2 3 3 4 5 3 2 2 3 2 4 4 4 3 4 1
2107 1 0 0 1 0 0 1 4 4 3 4 4 4 4 3 2 5 4 3 2 3 4 5 2 1 3 0 0 0 0 1 0 1 1 1 1 1 0 0 9 3 4 5 5 5 5 5 4 4 3 5 4 4 5 5 5 4 3 4 5 5 4 2 1 1 2 4 4 5 5 3 2 3 2 4 5 5 4 4 0
2109 0 0 0 0 0 0 0 4 3 4 4 3 2 2 2 2 5 5 3 1 2 4 5 2 2 3 0 1 0 0 1 0 1 0 0 0 0 0 0 8 7 4 5 5 5 5 5 4 4 3 4 4 4 3 3 3 3 4 2 2 3 3 3 3 3 3 4 3 5 3 2 2 2 2 4 4 4 4 4 0
2110 0 0 1 1 0 0 0 4 3 4 4 4 3 3 4 3 5 5 2 1 1 4 5 1 1 2 0 1 0 0 1 0 1 0 1 1 0 0 0 10 1 4 5 5 5 5 5 5 5 5 5 5 3 5 5 5 3 5 4 2 1 1 1 1 1 2 2 4 5 3 1 1 1 1 5 3 4 3 3 1
2112 2 2 1 1 1 1 2 3 2 3 4 4 3 2 3 3 3 3 3 2 3 3 4 2 1 2 1 0 0 0 1 0 0 0 1 0 0 1 0 7 3 3 4 4 2 3 5 5 3 4 3 3 2 3 3 3 3 3 3 4 4 4 4 4 3 3 4 4 4 2 2 3 3 3 3 4 4 3 3 0
2113 0 1 0 0 0 1 1 4 3 4 3 3 4 3 4 3 5 4 2 1 3 4 4 5 1 4 1 1 0 0 1 0 1 0 0 1 1 1 0 9 3 3 3 5 3 2 4 1 2 5 4 2 1 4 2 3 1 4 3 2 5 5 4 1 1 4 5 5 5 3 1 1 2 1 3 4 5 4 3 1
2119 1 1 1 1 0 0 0 3 3 3 4 3 3 3 3 3 4 4 3 3 2 3 4 3 2 3 0 1 0 0 1 0 1 0 1 0 0 1 0 5 2 3 5 4 5 4 5 5 5 4 5 4 3 4 4 4 4 4 3 3 4 4 4 4 4 4 4 4 4 3 3 3 3 2 3 4 4 3 3 0
2120 1 0 0 1 1 0 0 3 3 2 4 3 2 2 3 3 4 4 3 2 3 3 4 2 2 2 0 0 0 0 1 0 1 0 0 0 1 0 0 7 1 4 5 5 4 4 4 3 4 3 5 4 3 3 3 4 4 4 2 2 2 2 2 2 2 4 2 2 4 3 2 2 2 1 4 4 4 4 3 0
2124 0 0 1 1 1 1 1 3 2 2 3 3 2 2 3 2 3 3 3 2 4 3 3 2 2 4 1 1 1 1 1 0 1 0 1 1 1 0 0 8 8 4 4 5 5 5 4 3 4 3 4 4 2 4 4 4 3 2 3 4 3 3 3 2 2 4 4 2 4 2 2 2 2 1 3 3 4 3 3 0
2125 0 0 0 2 1 1 0 4 3 2 3 3 2 1 2 2 4 4 3 2 3 4 4 2 3 3 0 0 0 0 1 0 1 0 1 0 0 1 0 10 5 3 4 5 5 4 4 3 3 3 3 3 3 4 4 3 3 3 3 4 2 3 3 2 2 3 4 5 5 3 2 2 2 2 4 3 3 3 3 1
2129 0 1 0 1 0 0 0 4 3 3 4 3 3 2 3 2 4 3 4 2 3 4 4 4 2 4 1 1 1 0 1 1 1 0 1 1 0 0 0 8 6 4 4 4 4 2 4 3 4 4 3 4 4 4 4 4 3 3 3 4 4 2 3 4 3 3 5 4 4 2 2 2 2 2 4 4 4 4 4 1
3001 0 0 2 1 2 1 2 2 3 3 3 3 2 2 2 3 3 4 3 3 3 4 3 3 3 2 0 1 0 1 1 0 1 0 1 1 1 0 0 5 5 3 4 4 4 4 4 4 4 3 4 4 4 3 4 4 3 4 2 4 4 4 4 4 4 4 4 4 4 4 2 2 3 2 3 3 3 3 3 1
3003 0 0 0 1 0 0 0 3 3 3 4 3 3 3 4 3 4 4 3 2 2 3 4 2 1 1 0 0 0 0 1 0 1 0 1 0 0 0 0 5 1 2 4 4 3 5 4 4 5 3 4 4 2 3 4 3 2 3 2 2 2 2 2 1 1 4 3 5 4 4 2 2 2 2 4 4 4 4 4 0
3004 1 1 1 1 1 1 1 4 3 3 4 4 3 3 3 3 4 4 1 1 1 4 4 2 3 2 0 0 0 0 1 0 1 0 1 1 1 1 0 9 1 2 4 4 4 3 4 3 4 4 4 4 1 4 3 3 4 4 2 2 2 2 4 3 2 4 4 4 5 2 2 2 2 2 4 4 4 4 4 0
3005 0 0 0 0 1 0 0 3 3 3 4 3 2 2 2 3 4 4 3 1 2 4 4 1 2 2 0 1 0 0 1 0 1 0 0 1 0 0 0 7 5 3 4 5 5 5 5 4 4 4 5 4 3 3 4 5 3 4 2 2 5 3 2 1 1 4 3 4 4 4 2 2 1 1 4 4 4 3 3 0
3006 1 1 2 1 0 1 1 2 2 2 3 4 2 . 1 1 3 3 4 2 4 3 4 2 4 2 1 1 1 0 0 0 1 0 0 0 0 1 0 7 4 4 2 2 3 3 5 4 1 1 4 1 4 2 2 1 1 2 5 5 4 4 4 4 4 4 4 3 5 3 2 3 2 1 3 3 4 1 4 0
3008 1 1 2 2 2 1 2 3 2 3 3 3 3 2 3 3 4 4 3 2 2 4 3 2 2 2 1 1 0 1 1 0 1 0 1 1 0 0 0 9 2 3 4 4 4 4 4 4 4 4 4 4 3 3 4 3 3 3 2 3 4 4 3 4 3 4 4 4 4 4 2 2 3 2 3 4 4 4 4 0
3011 1 1 1 1 1 1 1 3 3 3 4 3 3 3 3 2 4 4 3 2 2 4 4 2 2 2 0 0 0 0 1 0 1 0 0 1 0 0 0 7 5 4 4 4 4 3 4 3 3 3 4 3 3 3 3 4 3 2 3 4 4 4 2 3 2 2 4 4 4 3 2 3 2 2 3 4 4 3 4 0
3012 0 0 0 0 0 0 0 2 3 3 4 4 3 2 3 3 4 4 2 1 1 4 4 1 1 2 0 0 0 0 1 0 1 0 1 0 0 0 0 9 2 3 3 4 4 4 4 3 3 4 4 4 3 4 3 4 4 4 2 3 3 3 2 2 2 3 3 3 4 3 2 2 2 1 3 4 4 4 4 0
3013 1 1 0 2 1 2 1 3 3 3 3 3 2 2 3 2 4 5 2 1 2 4 5 2 1 4 0 1 0 0 1 1 1 0 1 1 1 0 0 9 9 3 5 5 4 4 4 4 5 3 5 5 3 4 4 5 3 4 4 4 4 4 3 4 3 4 4 3 5 2 2 2 2 2 3 5 4 4 4 1
3014 1 1 1 1 1 0 0 4 3 3 4 3 3 3 3 3 4 5 3 2 1 5 4 2 3 4 1 1 0 0 1 0 1 0 1 1 0 0 0 10 5 4 4 4 4 4 4 4 4 4 5 5 4 4 5 5 4 4 4 3 3 1 1 1 1 4 2 5 5 3 1 1 1 1 4 4 4 4 4 0
3015 0 0 2 1 1 0 1 4 3 4 3 3 3 3 3 3 4 4 2 2 2 4 5 2 2 2 0 1 0 0 1 1 1 0 1 1 0 0 0 6 6 3 5 4 5 5 5 4 5 5 5 5 4 5 4 5 4 4 2 2 3 3 3 3 3 3 3 4 4 4 2 2 2 2 4 4 4 4 4 0
3018 1 1 2 0 2 1 0 4 3 3 3 3 3 4 4 3 4 4 3 2 1 4 4 2 1 1 0 0 0 0 1 1 1 1 1 1 0 0 0 8 6 3 5 5 5 4 4 4 4 2 5 4 2 4 4 4 3 5 3 4 5 4 3 3 3 4 3 3 5 5 3 3 3 2 4 4 4 3 3 0
3019 1 1 2 1 3 2 1 3 2 2 3 3 2 2 3 1 4 4 4 1 2 4 4 2 5 4 1 1 0 1 0 0 1 0 1 0 1 1 1 8 1 3 5 5 5 5 3 2 2 2 5 4 5 3 3 2 3 4 5 3 3 4 3 1 1 5 5 4 4 2 2 4 1 1 4 3 4 4 4 1
3026 0 1 0 1 1 0 1 3 3 4 4 4 3 3 3 4 4 4 2 2 2 4 4 2 2 3 0 0 0 0 1 0 1 0 1 1 1 1 0 10 1 4 5 5 5 4 5 4 5 5 5 5 2 5 5 4 4 5 2 4 4 4 4 3 3 4 4 5 5 4 2 2 2 2 4 5 5 5 5 0
3029 0 0 0 0 0 0 1 2 2 3 3 3 3 3 3 2 4 4 4 2 5 3 4 3 4 3 0 0 1 0 1 0 1 0 1 0 0 0 0 9 9 4 3 2 4 4 4 4 4 3 4 4 2 3 4 4 2 3 5 4 4 2 2 2 2 4 3 4 4 4 2 2 2 2 4 3 4 4 4 1
3030 0 0 1 0 0 0 0 4 4 4 4 4 4 4 4 3 5 5 1 1 2 5 5 1 1 2 0 0 0 0 1 0 1 0 1 1 0 0 0 8 8 3 4 4 5 4 4 4 4 4 5 5 4 5 5 5 5 4 2 3 4 3 4 3 3 4 4 5 5 4 1 1 2 1 5 5 5 5 5 0
3034 0 0 0 0 0 0 0 4 4 3 4 4 3 3 3 4 4 4 2 1 2 5 5 1 1 1 0 0 0 0 1 0 1 0 1 1 0 0 0 10 9 4 5 4 5 4 5 4 4 5 5 4 2 4 4 5 4 4 1 2 2 2 2 2 2 4 5 4 5 4 2 2 2 2 5 5 5 3 4 1
3036 2 2 3 3 3 1 3 3 1 3 3 2 2 3 4 4 2 3 3 2 2 4 2 4 4 3 1 1 1 1 1 1 1 0 1 0 1 1 0 7 6 3 4 5 5 5 5 4 4 4 5 5 5 5 4 5 4 5 4 4 4 5 3 3 3 3 4 4 3 2 2 3 2 2 3 3 4 3 2 1
3038 1 0 1 0 1 0 1 3 3 4 4 3 3 3 4 3 4 4 2 2 2 4 4 2 2 2 1 1 0 0 1 0 1 0 0 1 0 0 0 9 2 3 4 4 4 3 4 4 3 3 4 3 2 4 4 3 4 4 2 5 4 3 3 4 4 4 4 3 5 3 3 2 2 2 4 4 4 3 4 0
3042 0 0 1 1 1 0 1 2 2 2 3 3 2 2 2 2 3 3 3 2 2 3 3 4 4 4 0 1 0 0 1 1 1 0 0 1 1 1 0 10 9 3 5 4 5 5 5 5 5 4 5 5 5 5 5 5 3 4 4 4 5 5 5 5 3 5 5 4 5 4 2 1 2 1 4 4 3 3 3 0
3043 1 1 2 1 1 1 1 3 2 3 4 3 2 2 3 3 4 4 2 2 2 3 4 2 2 2 0 1 0 0 1 1 1 0 1 0 0 0 0 7 1 2 3 3 4 5 5 5 4 4 4 4 3 4 4 3 3 4 2 3 2 2 2 2 2 3 3 4 4 3 2 2 2 2 3 4 4 3 4 0
3046 1 0 2 1 1 0 1 3 3 2 3 3 2 3 3 3 4 4 4 1 2 4 4 2 2 3 1 1 0 0 1 1 1 0 1 0 0 1 0 7 5 3 5 5 4 4 4 5 4 4 5 5 4 4 5 5 4 4 4 5 4 4 3 3 2 5 3 5 5 4 2 3 3 2 3 4 4 4 4 1
3047 0 0 0 0 0 0 0 4 2 3 4 4 4 2 3 3 4 3 2 1 2 4 4 1 1 2 0 0 0 0 1 0 1 0 1 1 0 0 0 6 1 4 5 5 5 5 5 5 5 3 5 5 5 5 4 5 3 4 2 3 5 5 4 4 3 5 3 3 5 5 1 1 1 1 3 4 4 4 4 1
3049 0 0 1 1 1 0 1 3 3 4 3 3 3 3 3 3 5 5 2 2 3 4 4 2 2 2 0 0 0 0 1 0 1 0 0 1 0 0 0 4 3 3 4 4 4 4 4 3 4 3 4 4 3 4 4 4 4 4 2 4 4 4 3 3 3 4 4 4 4 4 2 2 2 2 4 4 4 4 4 1
3051 0 0 0 0 0 0 0 4 4 4 4 4 4 4 4 4 5 5 2 2 2 5 5 2 1 2 1 1 0 0 1 0 1 0 0 1 0 1 0 10 1 3 4 4 4 2 4 3 3 4 4 4 3 3 3 4 3 3 4 4 4 4 4 3 3 4 3 4 4 4 4 2 2 2 4 5 4 4 4 1
3055 1 1 2 2 2 1 2 3 2 3 4 4 3 2 3 2 3 3 3 2 2 3 4 2 2 4 0 0 0 0 1 0 1 0 1 1 0 0 0 8 1 3 4 3 4 3 4 3 3 3 4 4 4 3 4 3 3 4 3 2 2 2 2 2 2 4 3 3 4 2 2 2 3 2 3 3 4 3 3 1
3057 1 0 1 1 1 0 1 3 3 3 3 3 3 3 3 2 4 4 4 2 4 4 4 4 2 4 0 0 0 0 1 0 1 0 1 0 0 0 0 4 4 3 4 5 5 4 5 4 4 4 4 5 4 4 5 4 4 3 3 4 4 4 4 3 3 5 4 4 4 4 2 2 2 3 4 4 4 3 3 1
3059 0 0 0 1 1 0 0 3 3 4 3 3 3 3 3 3 4 5 1 1 3 4 3 1 1 1 0 0 0 0 1 0 1 1 1 0 1 0 0 5 4 2 5 5 5 5 5 4 4 4 4 4 4 4 4 3 3 4 2 3 2 2 2 2 1 4 3 3 5 3 2 2 3 2 4 4 4 3 4 1
3063 1 0 1 1 1 0 1 3 3 3 4 4 2 2 3 2 5 4 4 2 2 3 4 2 2 3 0 1 0 0 1 0 1 0 1 1 0 0 0 5 2 4 4 4 4 5 4 4 4 3 5 4 3 3 4 4 2 3 4 3 3 2 2 3 3 4 4 3 4 4 3 2 3 3 3 4 4 4 4 1
3065 1 1 1 1 1 1 1 2 3 3 3 3 2 3 2 2 4 4 2 2 3 4 4 2 2 2 1 1 0 0 1 1 0 0 1 0 1 0 0 9 8 3 3 4 3 3 4 3 3 3 4 3 3 3 3 5 4 3 5 2 3 2 3 3 2 4 3 4 4 3 3 2 2 2 4 4 4 4 3 1
3066 1 1 1 1 2 1 1 3 2 3 4 3 2 2 1 2 4 4 4 3 3 4 4 2 2 3 1 1 0 0 1 0 1 0 1 0 0 0 0 7 2 2 3 4 4 4 4 4 3 3 4 3 4 4 3 4 4 4 2 4 4 3 3 3 3 4 4 5 4 4 3 2 2 2 3 4 4 4 4 0
3067 1 1 1 1 0 0 0 3 3 2 2 3 2 1 2 2 3 3 2 2 2 3 3 2 3 4 1 0 1 0 1 0 1 0 1 1 1 0 0 9 2 3 3 4 5 5 5 5 4 4 3 4 3 4 4 4 4 2 4 2 2 2 2 1 1 4 3 4 5 2 2 2 2 2 4 3 3 3 3 0
3070 0 0 0 1 0 0 0 3 3 3 3 2 3 2 3 2 4 4 3 2 3 4 4 2 2 3 0 0 0 0 1 0 1 0 1 1 0 1 0 8 8 4 5 5 5 5 5 4 5 4 5 5 5 4 4 4 4 4 2 4 3 3 3 3 3 2 4 4 5 5 2 2 2 2 4 4 4 4 3 1
3074 1 1 1 1 0 1 0 3 4 4 4 4 3 4 4 4 5 5 1 1 2 4 4 2 1 1 0 0 0 0 1 0 1 0 1 0 0 0 0 8 9 4 5 4 4 5 5 5 5 5 5 5 5 5 4 5 4 3 2 4 4 5 5 5 3 5 4 4 5 5 2 2 2 2 4 5 5 5 5 0
3075 2 2 2 2 2 1 1 3 3 3 3 3 2 2 3 3 3 3 3 3 4 3 3 4 4 4 1 1 1 1 1 0 1 0 1 1 1 1 0 7 3 4 5 5 5 5 5 4 5 5 5 5 4 5 5 5 4 5 5 4 4 4 4 3 3 4 3 4 4 5 2 2 2 3 4 4 4 4 4 1
3076 1 1 1 1 1 0 1 3 3 3 4 3 2 3 3 3 5 4 2 2 4 4 4 2 1 2 1 1 1 0 1 1 1 1 0 1 1 0 0 8 6 3 4 5 4 5 5 4 4 3 4 4 3 4 4 4 3 4 2 4 4 4 4 3 2 3 4 4 4 4 2 2 2 2 4 4 4 3 4 0
3077 1 1 1 1 0 0 1 4 3 3 4 4 3 3 3 3 4 4 2 1 1 4 4 1 2 2 0 1 0 0 1 0 1 0 1 1 0 0 0 8 1 4 4 4 4 4 5 5 4 4 5 5 5 5 5 5 4 4 2 2 1 1 1 2 1 4 4 4 5 5 1 1 1 1 5 5 5 4 4 0
3080 1 1 1 1 0 0 1 4 2 2 4 4 3 2 3 2 3 3 3 3 3 4 3 2 2 3 0 0 0 0 1 0 1 0 1 1 0 1 0 10 5 2 5 5 4 3 5 4 4 3 5 4 4 3 3 4 5 4 3 4 3 3 3 2 1 4 3 3 5 4 2 2 3 1 3 3 4 4 4 0
3081 2 1 1 2 1 0 1 3 3 4 4 4 3 3 3 3 5 4 3 2 2 4 4 2 1 2 0 0 0 1 1 0 1 0 1 1 0 0 0 5 3 3 4 5 5 4 4 5 5 4 5 4 3 4 4 5 4 4 3 4 4 4 3 3 2 4 3 3 5 4 2 3 2 1 4 4 4 4 4 0
3082 0 1 1 1 1 0 1 2 2 2 4 4 2 2 3 3 5 4 3 2 2 3 3 2 2 2 1 1 0 1 1 0 0 0 0 0 0 1 0 7 2 3 4 3 3 3 4 4 3 2 4 3 3 2 3 4 3 4 3 5 5 5 5 5 4 5 4 3 5 3 3 2 3 2 4 3 4 3 4 0
3085 1 0 0 0 1 0 0 2 3 2 3 3 3 2 3 2 4 4 4 2 2 4 4 3 2 2 0 1 0 0 1 1 1 0 1 0 1 0 0 8 4 3 5 5 4 4 4 4 4 2 4 4 2 2 4 4 3 4 4 4 4 2 3 2 2 4 3 4 4 4 2 2 2 2 4 4 4 4 4 1
3086 1 1 1 2 2 1 1 3 3 3 4 4 2 2 3 2 4 4 2 1 1 3 4 2 3 4 0 1 1 1 1 1 1 0 1 1 1 1 0 9 2 3 5 4 5 5 4 3 4 4 5 5 4 4 4 5 4 4 2 3 4 4 4 4 4 5 5 3 5 3 2 2 2 2 4 5 5 3 2 1
3089 1 0 0 0 0 0 0 4 3 3 3 3 3 3 3 2 4 3 2 2 2 4 5 2 2 3 1 0 0 0 1 0 1 0 1 1 1 0 0 10 10 4 5 4 4 5 4 4 4 4 4 4 3 3 4 4 4 3 3 3 3 3 3 3 2 4 3 5 4 4 3 3 2 2 4 4 4 3 4 0
3091 0 0 1 1 1 0 1 2 2 2 3 3 2 2 3 3 3 3 3 2 3 3 3 2 2 4 0 1 1 0 1 1 1 1 1 1 1 0 0 8 5 3 4 4 4 4 4 3 3 3 4 3 3 3 3 4 4 3 4 3 3 2 2 2 2 4 4 3 3 3 2 2 3 2 3 5 3 3 3 0
3094 0 1 0 0 0 0 0 3 2 4 3 3 2 1 3 2 4 4 2 2 2 3 4 2 2 4 0 1 0 0 1 0 1 0 1 1 0 0 0 6 2 3 4 5 4 4 5 5 4 4 4 5 5 5 5 5 5 5 4 4 4 4 4 5 4 5 4 4 4 4 2 3 3 2 4 4 4 4 3 1
3096 1 1 1 1 1 0 1 4 3 3 4 4 3 3 3 3 4 4 2 1 2 2 4 2 2 4 0 1 0 0 1 0 1 0 1 0 0 1 0 8 1 4 4 3 4 3 4 4 4 4 4 5 2 4 4 4 4 5 2 4 5 3 4 3 3 4 4 5 5 4 2 2 2 2 4 4 4 4 3 1
3100 0 1 0 0 1 0 2 3 2 3 3 3 2 3 2 3 4 4 2 2 2 5 5 2 2 2 0 1 1 0 1 0 1 0 0 0 1 0 0 8 1 3 5 4 4 4 4 5 4 4 4 5 3 4 5 4 4 5 3 4 2 2 2 2 2 2 3 3 4 3 2 1 2 2 4 4 4 4 4 0
3101 0 0 1 1 0 0 0 3 2 4 4 4 3 2 3 3 5 4 3 1 2 4 3 4 2 2 1 1 0 0 1 0 1 0 0 1 0 0 0 10 1 4 4 4 4 4 5 5 4 3 4 5 4 5 5 4 3 5 3 3 2 2 2 2 2 2 3 3 4 3 2 3 2 2 3 4 4 3 3 1
3102 1 1 1 1 2 1 1 2 3 3 2 3 3 3 3 3 4 4 4 1 2 3 3 2 2 3 0 0 0 0 1 0 1 0 1 1 0 1 0 6 1 3 4 4 4 4 4 4 4 4 4 4 3 3 4 3 3 3 2 2 2 2 2 2 2 4 4 4 4 4 2 2 2 2 4 4 3 3 3 1
3103 0 1 1 0 1 1 0 4 3 4 4 4 3 3 3 4 5 5 1 1 1 5 4 1 2 1 0 0 0 0 1 1 1 1 0 1 0 1 0 8 8 3 5 5 5 4 5 4 5 5 5 4 3 4 4 4 4 4 3 1 4 3 1 1 1 4 3 4 4 3 1 1 1 1 4 4 5 4 3 0
3106 2 2 1 1 1 1 2 4 2 3 3 3 3 2 3 3 3 4 3 2 3 3 4 4 4 4 0 1 0 1 1 1 1 0 1 1 1 1 0 10 5 3 3 2 2 4 5 4 4 4 5 5 4 4 4 4 4 4 5 3 1 1 1 1 1 3 1 5 5 5 1 2 2 1 4 4 4 4 4 1
3108 1 1 1 1 1 0 0 3 3 3 3 3 3 2 3 2 4 4 2 2 3 4 3 1 3 4 0 1 0 0 1 1 1 0 1 1 0 0 0 5 1 4 5 5 5 5 4 4 4 4 4 4 4 4 4 4 4 4 3 3 2 2 2 2 2 2 4 4 3 4 2 2 2 2 4 4 4 3 3 0
3111 0 0 1 1 1 0 1 3 3 4 4 3 3 2 4 3 4 4 2 2 2 4 4 2 1 3 1 1 1 1 1 1 1 0 1 0 0 0 0 10 2 3 5 5 5 5 4 3 4 4 4 4 3 4 3 4 3 4 2 3 4 4 4 4 2 3 3 4 5 4 3 2 3 2 3 3 3 3 3 0
3113 0 0 0 1 0 0 1 3 3 3 4 4 3 2 3 3 4 4 3 2 3 4 4 3 2 3 0 1 0 0 1 1 1 0 1 1 0 0 0 8 2 3 5 5 5 4 5 5 4 4 5 5 4 5 5 5 4 4 3 3 4 4 4 4 3 4 3 5 5 5 2 2 2 1 3 5 4 4 4 0
3116 1 1 1 1 1 1 1 3 3 3 3 3 2 3 3 3 4 4 3 2 3 4 4 3 4 4 1 0 0 0 1 0 1 0 1 1 1 1 0 2 1 3 4 4 3 4 4 3 5 4 4 5 1 4 4 4 3 5 3 3 2 3 3 3 2 4 3 4 4 2 2 3 2 2 4 5 4 3 3 1
3117 1 0 1 1 0 0 1 2 3 1 3 1 1 1 3 3 4 2 4 2 2 4 4 1 1 2 1 1 0 0 1 1 1 0 1 1 1 1 0 10 10 3 5 5 4 5 5 4 4 2 5 4 5 2 4 4 3 4 4 4 4 2 4 2 2 2 3 2 4 4 3 2 3 2 3 4 4 3 2 1
3122 1 1 1 1 1 1 1 3 3 2 4 4 2 3 3 3 4 4 4 2 2 4 4 2 1 2 1 1 0 0 1 0 1 0 1 1 1 0 0 8 1 4 5 5 5 5 5 5 4 4 5 4 4 5 4 5 4 4 4 4 4 4 3 3 3 4 4 5 3 4 2 2 1 1 5 5 5 4 4 1
3123 1 0 0 1 1 0 0 3 2 3 3 3 3 2 3 3 4 4 3 2 2 4 3 2 2 4 1 1 1 0 1 1 1 0 0 0 0 1 0 8 8 2 5 5 5 5 4 4 4 4 4 4 2 3 5 5 2 4 2 3 3 2 2 1 1 3 2 2 5 2 2 1 2 2 4 4 4 3 3 1
3125 1 1 1 1 1 0 0 3 2 3 2 3 2 2 3 2 3 3 2 2 3 3 4 4 4 4 1 1 0 0 1 0 1 0 1 1 1 0 0 10 4 4 3 3 4 2 4 3 2 3 3 4 3 3 4 2 2 3 2 3 3 3 3 3 3 4 3 3 4 4 3 3 4 3 4 4 4 3 3 0
3126 0 0 1 1 0 0 1 3 2 3 3 3 2 3 3 3 4 4 2 2 2 2 2 2 2 3 0 1 0 0 1 1 1 0 1 0 0 0 0 7 2 4 4 4 4 3 4 3 5 3 5 4 3 3 3 5 3 5 2 2 2 2 2 1 1 3 2 3 4 4 2 2 1 1 3 4 3 3 4 0
3130 1 0 0 0 0 0 0 4 3 3 4 4 4 3 3 3 5 4 1 1 2 4 4 2 2 2 0 0 0 0 1 0 1 0 1 1 0 0 0 6 3 4 5 5 5 4 5 4 5 4 4 5 3 4 5 5 4 4 3 2 2 2 2 2 2 3 2 5 5 5 1 1 2 1 5 5 5 4 4 1
3133 1 1 3 1 2 1 0 3 4 4 3 3 2 3 4 3 4 4 2 2 3 4 4 2 1 3 0 0 0 1 1 0 1 0 1 1 0 1 0 9 10 3 4 5 5 4 5 4 4 3 4 4 3 2 4 4 5 5 4 2 2 2 2 2 1 5 3 2 5 2 2 2 3 2 4 4 4 4 3 1
3134 0 0 1 1 1 0 0 4 3 4 4 4 4 3 4 4 5 5 1 1 2 4 4 2 2 1 0 1 0 0 1 0 1 0 1 1 0 0 0 9 1 4 5 5 5 5 5 4 4 3 4 5 1 3 3 4 3 4 4 2 2 2 2 2 2 4 4 4 5 4 2 2 2 2 4 5 4 4 4 0
3135 0 0 0 0 0 0 0 3 2 3 3 3 2 2 3 3 4 4 3 2 3 4 4 2 2 3 0 0 0 0 1 0 1 0 1 0 1 1 0 10 1 3 4 4 4 4 4 4 3 3 4 4 2 3 4 4 3 4 2 3 2 2 2 2 2 4 3 5 5 4 2 2 2 2 4 4 4 4 4 1
3136 1 0 1 1 1 0 1 3 2 3 3 3 2 2 3 3 4 4 2 3 2 4 4 2 2 2 0 0 0 0 1 0 1 0 1 1 1 0 0 8 3 3 5 5 5 5 5 5 4 4 5 5 4 5 5 5 5 5 3 4 4 4 4 4 2 4 4 4 4 3 2 2 2 2 4 4 4 4 4 1
3137 0 0 0 0 0 1 1 3 2 2 4 3 2 2 3 2 4 4 3 3 3 3 5 3 3 2 0 0 0 1 1 0 1 1 1 0 1 1 0 8 5 2 4 4 4 3 4 4 3 4 4 5 4 3 4 3 3 3 3 4 4 3 4 3 3 4 4 4 4 3 3 3 3 2 4 4 4 3 5 1
3139 0 0 1 0 1 0 0 3 3 3 2 3 3 3 3 3 4 4 2 2 1 4 3 2 2 3 0 0 0 0 1 0 1 0 1 0 0 0 0 5 6 3 4 3 3 4 4 2 4 4 4 4 2 2 4 2 2 2 3 3 3 3 3 3 3 3 4 2 4 3 2 2 3 2 3 3 4 4 4 1
3140 0 0 0 0 0 1 0 3 1 4 . 4 4 4 4 3 4 4 2 2 3 4 4 2 1 2 0 0 0 0 1 0 1 0 1 1 0 0 0 8 5 4 4 5 5 4 5 5 4 4 5 5 2 5 4 4 4 1 1 4 4 4 2 2 2 4 2 4 5 5 2 2 2 2 4 5 5 5 3 1
3150 0 0 1 1 0 1 0 3 2 3 3 4 3 3 3 3 3 3 3 2 3 3 4 3 2 3 1 1 1 0 1 0 1 0 1 1 1 1 0 5 1 4 5 4 5 4 4 4 4 4 4 5 4 4 4 4 3 5 3 1 3 2 2 2 2 4 3 5 5 1 2 2 2 2 4 5 5 3 3 0
3152 0 0 0 0 0 0 0 3 3 4 4 3 3 3 3 3 4 4 2 2 3 5 4 1 1 2 0 0 0 0 1 0 1 0 1 1 0 0 0 5 1 3 4 4 4 4 4 4 4 4 4 4 4 4 4 4 4 4 4 4 4 3 4 4 2 3 3 4 5 3 2 2 2 2 4 4 4 3 3 0
3155 1 1 1 1 1 1 1 4 2 4 4 4 4 3 3 2 4 4 2 2 2 4 4 3 1 4 0 0 1 0 1 0 1 0 1 1 0 0 0 5 6 4 5 5 5 5 5 4 4 3 5 5 3 4 4 4 3 4 3 4 4 4 2 2 1 4 4 4 4 4 2 2 2 2 4 4 4 3 3 1
3158 1 0 1 1 1 0 1 4 3 3 4 3 2 2 3 2 4 4 3 3 3 3 4 2 1 3 0 0 0 0 1 0 1 0 1 1 1 0 0 5 5 3 5 4 4 5 4 4 3 2 4 5 2 3 4 3 5 3 3 5 4 5 4 4 2 4 4 5 5 2 3 3 3 2 5 5 5 5 4 0
3163 1 1 0 1 1 0 0 3 2 2 3 2 2 3 3 3 4 4 2 2 2 3 4 2 2 4 1 0 0 0 1 0 1 0 0 0 0 1 0 7 2 3 5 5 5 4 4 4 3 3 4 5 2 3 3 4 3 3 4 3 3 3 3 3 3 4 4 4 4 3 3 2 2 2 3 4 3 3 4 1
3164 2 2 3 2 3 3 3 4 3 4 4 4 3 3 3 3 4 4 2 1 2 4 4 2 3 2 0 0 0 0 1 0 1 0 1 1 0 0 0 10 1 4 5 5 5 5 5 5 5 5 5 5 5 5 5 5 4 5 2 2 2 4 3 2 2 4 3 4 4 4 2 2 2 2 4 4 4 4 5 1
3167 0 0 1 1 1 0 1 4 4 4 4 4 4 3 3 3 5 4 2 1 2 4 4 1 1 3 0 1 0 0 1 1 1 0 1 1 0 0 0 9 10 4 5 5 5 5 4 4 4 5 5 5 5 5 5 5 4 5 2 5 5 5 5 3 3 5 4 5 5 2 1 3 2 1 4 5 4 4 4 0
3168 1 1 2 1 3 2 2 3 3 3 2 3 3 2 2 2 4 3 4 2 2 3 5 2 2 2 1 0 0 0 1 1 0 1 1 1 0 1 0 8 8 3 4 5 5 4 4 4 4 4 5 4 2 4 4 4 2 4 3 3 3 3 2 2 1 4 3 4 5 4 2 1 2 1 4 4 4 3 4 1
3171 3 3 1 1 1 1 1 2 2 4 4 4 3 1 2 2 4 4 2 2 2 3 4 2 2 3 0 0 0 0 0 0 1 0 1 0 0 0 0 6 5 4 5 5 5 5 5 5 5 5 5 4 4 4 4 5 5 5 4 2 2 2 2 2 2 4 5 5 5 5 2 2 2 2 4 5 5 3 5 0
3176 0 0 0 1 1 0 1 3 3 3 4 4 3 2 3 2 4 4 3 2 2 4 4 2 2 2 0 0 0 0 1 0 1 0 1 1 1 1 0 8 5 3 5 5 5 5 5 5 5 4 4 5 3 4 5 5 4 4 4 4 4 4 4 4 3 4 4 3 4 2 3 3 3 3 3 4 4 4 4 0
3178 1 1 1 1 1 1 1 3 2 3 3 3 3 1 2 2 3 3 4 3 2 3 4 2 2 2 1 1 1 1 1 1 1 0 1 0 1 0 0 7 6 3 4 4 4 4 4 4 4 3 4 4 4 4 4 4 4 4 3 2 2 2 2 2 2 2 2 3 2 2 3 2 2 2 3 3 3 2 3 1
3180 0 0 0 1 0 0 0 3 3 3 4 4 2 2 4 2 5 4 2 1 3 4 5 2 2 2 0 0 0 0 1 0 1 0 1 1 0 1 0 9 1 4 3 5 5 4 5 5 5 4 5 5 3 4 4 5 4 5 3 3 3 3 4 2 3 4 3 5 5 3 3 3 2 1 4 3 4 4 4 0
3181 0 0 0 1 1 0 1 3 4 3 3 3 3 3 3 3 4 4 4 2 2 4 4 4 2 2 0 0 0 0 1 0 1 0 1 1 0 0 0 5 9 3 5 4 4 4 4 4 4 4 4 4 4 4 4 4 3 3 3 4 4 4 4 2 4 4 4 4 4 4 2 2 4 2 4 4 4 4 4 0
3182 1 1 1 1 1 1 1 2 2 3 3 3 2 2 3 3 4 4 2 2 2 4 5 2 2 2 1 1 0 0 1 0 0 0 0 1 0 1 0 8 5 4 5 5 4 5 4 4 4 3 5 3 3 3 3 4 3 3 3 3 4 3 3 3 3 3 3 4 5 4 1 1 2 1 4 4 5 5 5 1
3183 0 1 1 1 1 1 0 3 3 3 3 3 3 3 3 2 4 3 3 2 2 4 3 3 2 3 1 1 1 0 1 1 1 1 0 0 1 1 1 10 1 3 3 4 4 4 4 4 4 3 4 4 4 3 4 4 3 3 3 4 4 3 3 3 2 3 3 4 4 3 3 3 2 2 3 4 3 3 4 1
3187 1 1 1 1 1 1 1 3 3 2 2 3 2 2 2 2 4 4 3 2 2 4 3 2 2 3 1 1 1 0 1 1 1 0 1 0 1 1 0 6 7 3 3 3 4 3 3 3 4 4 4 4 3 4 3 4 3 4 3 3 3 3 3 3 3 3 3 3 4 3 3 3 3 2 4 4 4 3 3 1
3188 1 1 0 1 1 0 1 3 4 3 4 3 3 3 4 4 4 4 4 1 2 4 4 2 1 1 0 1 0 0 1 0 1 0 1 0 0 0 0 9 9 3 5 4 5 5 4 3 4 5 4 5 2 3 4 3 4 4 2 4 4 4 4 4 1 4 4 4 4 4 2 2 2 2 4 4 4 4 4 0
3189 1 1 2 2 1 0 1 2 2 3 3 3 2 2 3 3 3 3 2 2 2 3 4 2 2 3 0 0 1 0 1 1 1 0 1 1 1 1 0 6 2 3 3 4 4 3 4 2 4 3 3 4 2 4 4 4 3 2 4 3 3 3 3 3 2 5 5 5 4 4 2 2 2 2 3 4 4 3 3 1
3192 1 1 2 2 2 1 1 3 3 3 3 3 3 3 3 3 5 4 4 3 3 3 4 2 1 1 1 1 0 0 1 1 1 0 1 0 1 0 0 9 2 3 5 5 5 4 5 5 4 3 5 4 2 3 4 5 4 4 4 3 3 3 5 3 2 4 4 4 4 2 2 2 1 1 4 4 4 4 4 0
3197 0 0 0 0 0 0 0 4 4 3 4 3 4 3 3 4 5 5 2 2 2 4 4 2 2 3 0 0 0 0 1 1 1 0 1 1 0 0 0 10 1 4 5 5 5 5 4 5 5 5 5 5 5 5 5 5 4 5 2 3 3 3 2 2 2 4 3 3 4 2 2 2 2 2 4 4 4 3 3 0
3202 0 1 1 1 1 1 0 3 2 2 3 3 3 3 2 2 3 3 3 2 3 4 3 2 2 3 1 0 0 0 1 1 1 0 0 0 0 0 0 7 2 3 4 4 4 3 3 4 2 3 3 3 3 4 3 4 1 4 5 3 3 3 2 2 2 4 2 3 3 3 2 2 2 2 4 2 2 2 2 0
3204 1 0 0 1 1 0 1 3 3 3 3 2 3 2 3 2 4 4 3 2 3 4 4 3 2 3 0 0 0 0 1 0 1 0 1 1 0 0 0 5 7 3 4 4 4 3 4 3 3 3 4 4 3 2 3 4 4 3 3 4 4 4 3 3 3 4 3 4 4 3 3 3 2 2 3 4 4 4 4 0
3206 1 1 0 1 0 0 1 3 3 4 4 3 3 2 2 2 5 5 4 2 1 4 4 2 2 2 0 0 0 0 1 0 0 1 1 1 0 1 0 7 6 3 4 4 4 5 5 5 5 4 4 4 4 4 4 4 3 3 2 4 4 4 4 1 1 4 2 5 2 3 3 2 1 1 5 5 4 3 4 0
3208 0 1 1 1 1 3 0 3 3 4 4 4 4 3 3 3 4 4 2 2 1 4 4 2 2 2 1 0 0 0 1 0 1 0 1 1 0 0 0 10 1 3 5 4 4 4 4 3 4 4 5 5 3 4 4 4 3 4 4 4 5 5 2 2 2 4 2 2 5 5 2 2 2 2 4 4 4 4 4 0
