1 1 1 32 0 0 0 0 0 0 0 1
2 1 1 38 2 2 2 1 2 1 2 1
3 1 1 45 1 1 1 1 2 0 1 1
4 0 1 36 2 2 2 2 2 2 1 1
5 1 1 38 2 2 3 2 1 1 2 0
6 0 1 40 3 2 2 1 3 2 1 1
7 0 1 39 3 2 2 3 2 1 3 0
8 0 1 42 3 3 3 3 3 2 3 1
9 1 1 43 1 2 3 3 3 2 2 1
10 0 1 42 1 2 2 2 2 1 2 0
11 1 1 42 1 1 2 1 1 1 1 1
12 0 1 32 1 1 3 1 2 0 2 0
13 0 0 40 1 0 1 1 1 1 1 1
14 1 1 34 1 1 2 2 2 1 1 1
15 1 1 35 0 1 1 1 1 0 2 0
16 1 1 40 1 0 1 1 0 0 1 1
17 0 1 40 1 1 1 1 1 0 1 0
18 0 1 36 0 0 0 0 0 0 0 1
19 1 1 36 3 3 3 3 3 3 3 0
20 0 1 49 2 1 1 1 1 0 0 0
21 1 1 39 1 0 0 0 1 0 0 1
22 0 1 43 1 1 2 1 1 1 1 0
23 1 1 39 3 1 2 3 3 2 3 1
24 0 1 35 2 1 1 2 2 1 1 0
25 0 1 46 1 1 1 1 1 1 1 0
26 1 1 49 1 3 2 2 3 2 2 0
27 0 1 40 1 0 1 1 2 1 0 0
28 1 1 39 0 0 1 1 0 0 0 1
29 0 1 41 1 1 2 1 2 2 2 1
30 0 1 35 1 1 0 1 0 1 1 1
31 0 1 36 2 1 2 1 1 2 2 0
32 0 1 37 2 2 2 2 2 2 2 1
33 0 1 45 3 2 3 3 3 2 2 0
34 1 1 48 1 1 1 1 1 1 1 1
35 0 1 35 1 1 1 1 1 1 1 0
36 0 1 34 3 3 3 3 3 3 3 0
37 1 1 36 2 2 3 2 3 1 2 0
38 0 1 36 2 2 3 2 2 1 1 0
39 0 1 36 2 2 2 1 2 2 1 0
40 1 1 32 1 2 3 3 2 2 3 0
41 0 1 44 2 1 1 2 1 1 2 0
42 0 1 42 2 2 2 2 2 2 2 1
43 1 1 42 2 2 2 2 3 1 2 0
44 0 1 45 3 1 2 3 3 0 2 0
45 1 1 40 3 3 3 3 3 3 3 0
46 1 1 32 2 2 3 2 2 1 2 0
47 1 1 41 2 1 1 1 1 1 1 1
48 0 1 39 1 1 1 1 1 1 1 0
49 0 1 32 1 1 2 1 1 0 1 1
50 1 1 42 1 1 2 1 1 1 1 1
51 1 1 36 2 1 2 1 1 2 2 1
52 1 1 40 2 2 3 2 2 2 2 1
53 1 1 46 2 2 2 2 2 2 2 0
54 0 1 40 1 1 1 1 2 1 1 0
55 0 1 41 1 2 3 2 3 1 2 1
56 1 1 39 3 3 3 3 3 2 3 0
58 1 1 32 1 1 1 1 0 0 0 1
59 1 1 49 1 1 2 2 2 1 1 0
60 0 1 32 1 1 0 3 2 1 2 0
61 1 0 44 2 3 3 3 2 2 1 1
62 0 1 37 2 1 2 2 2 2 2 1
63 1 1 37 1 0 1 1 1 1 2 0
64 0 1 46 1 1 2 1 1 1 1 1
65 1 1 40 1 1 1 1 1 1 1 1
66 1 1 39 1 1 1 1 1 1 1 1
67 1 1 32 1 1 1 1 1 1 1 1
68 1 1 37 2 2 3 3 1 1 2 0
69 0 1 37 2 2 2 2 2 2 2 0
70 1 1 44 2 2 2 2 2 0 1 0
71 0 1 47 1 2 2 2 2 1 2 1
73 1 1 42 1 1 1 1 1 0 0 0
74 0 1 41 3 3 2 3 3 3 3 1
75 0 1 47 1 3 3 3 3 0 3 0
76 0 1 37 1 1 2 2 1 3 1 1
77 1 1 32 2 2 3 3 1 1 1 1
79 0 1 40 1 2 1 1 1 1 2 0
80 1 1 40 1 1 2 2 3 1 2 0
81 1 1 49 0 0 1 1 0 1 1 1
82 0 1 38 1 3 2 2 1 1 1 0
83 1 0 45 1 0 1 1 0 1 0 0
85 1 1 42 2 1 1 1 1 1 1 1
86 0 1 46 1 1 1 0 1 1 1 0
87 1 1 49 1 1 1 1 1 1 1 1
88 0 1 40 1 1 2 1 1 1 2 0
89 1 1 38 1 1 1 1 1 0 1 0
90 0 1 37 2 2 2 3 3 3 3 1
91 1 1 39 0 1 3 0 0 1 3 0
92 1 1 46 2 1 1 1 1 1 1 1
93 0 1 37 2 2 2 1 2 2 2 0
94 0 1 37 3 3 3 3 2 1 2 0
95 0 1 38 1 1 1 1 1 1 1 0
96 1 1 37 2 3 3 3 3 3 3 1
97 1 1 44 3 3 3 3 3 1 3 0
98 1 1 44 0 1 2 2 2 2 1 0
99 0 1 43 3 3 3 3 3 2 3 1
100 0 1 49 2 1 2 2 2 1 2 1
101 1 1 48 1 1 1 1 1 1 1 0
102 0 1 39 1 1 1 1 1 1 1 1
103 0 1 38 0 0 0 0 0 0 0 1
104 0 1 34 0 0 3 2 2 2 2 0
105 0 1 38 2 2 3 2 2 3 2 1
106 1 1 49 2 2 2 2 2 2 2 0
107 1 1 49 1 1 1 3 1 1 2 1
108 1 1 42 2 2 3 1 2 2 2 0
109 1 0 32 1 1 1 1 1 1 1 1
110 0 1 40 1 1 1 1 1 1 1 0
111 1 1 32 1 1 1 1 1 1 0 1
112 1 1 49 3 3 2 2 2 0 2 0
113 0 1 32 3 2 3 2 2 2 1 1
114 0 1 47 1 2 2 2 1 1 2 1
115 1 1 34 3 2 3 3 3 2 3 1
116 0 1 34 2 2 2 2 2 2 2 1
117 1 1 44 2 1 0 1 1 1 0 0
118 0 1 40 2 2 2 1 2 2 2 1
119 0 1 49 2 1 3 1 2 3 1 1
120 0 1 49 2 1 2 1 2 0 2 0
121 1 1 49 1 1 2 1 2 1 2 1
122 1 1 41 1 2 1 1 1 1 2 0
123 1 1 49 3 2 3 3 3 3 2 0
124 1 1 44 0 1 0 0 1 1 1 1
125 1 1 45 0 1 1 1 0 1 1 1
126 0 1 40 2 1 2 1 2 1 2 0
128 0 1 42 2 2 1 2 1 1 1 0
129 0 1 43 3 3 3 3 3 3 3 0
130 0 1 39 0 1 1 1 1 1 1 0
131 0 1 48 1 1 1 1 1 1 1 1
132 0 1 46 2 2 1 2 2 0 2 1
133 1 1 48 3 3 3 3 3 2 3 0
134 0 1 42 2 2 3 3 3 3 3 1
135 0 1 44 2 2 2 2 2 2 2 0
137 0 1 36 2 1 2 2 3 1 1 0
138 0 1 40 1 1 0 1 1 0 1 0
139 0 1 47 2 1 1 1 2 1 1 1
140 1 1 32 0 0 0 0 0 0 0 0
141 0 1 36 2 2 3 1 3 2 2 1
142 0 1 46 0 0 0 0 0 0 0 0
143 0 1 49 3 2 3 2 3 2 3 0
144 1 1 38 2 2 2 2 2 2 2 1
145 1 1 37 2 2 3 3 3 2 2 0
146 1 1 42 1 0 0 1 0 0 0 1
148 0 1 38 2 2 2 2 2 2 2 0
150 1 1 43 2 2 2 1 2 2 2 1
151 1 0 32 0 0 0 0 0 0 0 0
152 0 1 41 1 1 2 1 2 1 1 0
153 1 0 44 2 1 0 0 1 1 0 0
154 0 1 43 2 2 2 2 1 1 2 1
155 1 1 32 3 1 2 2 2 1 2 1
156 1 1 40 1 1 1 1 1 1 1 0
157 1 1 49 0 1 1 1 1 1 1 0
158 1 1 42 1 3 3 2 2 2 3 0
159 1 1 45 3 3 3 3 3 2 3 1
161 1 1 37 1 1 2 1 1 1 1 0
162 0 1 33 0 1 1 1 0 1 1 0
163 0 1 39 1 0 1 1 1 0 1 1
164 1 1 32 0 0 1 0 1 2 0 0
165 1 1 40 1 1 1 1 1 1 2 1
166 0 1 44 3 3 3 3 3 3 3 1
167 1 1 47 1 2 2 2 2 1 2 0
168 1 1 39 1 2 1 2 1 1 1 0
169 0 0 42 1 2 3 0 0 0 0 1
170 1 0 32 0 0 0 0 0 0 0 0
171 1 1 37 2 1 2 2 1 1 2 0
172 0 0 47 0 0 1 1 1 1 1 0
173 1 1 40 3 3 3 3 3 3 3 0
174 1 1 33 2 2 2 2 1 2 2 0
175 0 1 39 1 1 1 1 1 1 1 1
176 1 1 47 0 0 1 0 1 1 1 1
177 1 1 48 2 3 3 2 2 1 1 0
178 1 1 34 2 1 2 1 2 1 2 0
179 1 1 40 1 1 2 1 2 1 2 0
180 0 1 44 1 1 1 1 1 1 2 0
181 0 1 49 1 1 1 1 1 1 1 0
182 1 1 32 3 1 1 1 1 1 1 0
183 0 1 35 2 2 2 2 2 2 2 1
184 0 0 40 2 1 2 1 2 0 0 0
185 1 1 37 2 1 1 1 1 1 1 0
186 0 1 40 1 1 0 1 0 0 1 0
187 1 1 38 3 3 3 2 2 2 2 1
188 1 1 39 1 1 1 1 1 0 1 1
189 0 1 36 1 1 2 2 2 2 2 1
190 0 1 34 2 2 2 2 1 1 2 0
191 1 1 37 1 2 2 1 2 2 2 1
192 0 1 49 1 1 2 2 1 1 1 0
193 0 1 37 1 2 3 3 2 1 1 1
194 1 0 43 1 1 1 1 1 1 1 1
195 1 0 49 2 1 2 2 2 1 1 0
196 0 1 43 2 2 2 2 3 1 1 1
197 1 1 39 1 1 1 1 1 3 2 0
198 0 1 49 2 2 2 1 1 3 2 1
199 0 1 32 3 2 1 2 1 1 2 1
200 0 1 40 1 1 1 1 2 1 1 1
201 0 1 32 1 2 2 1 1 2 2 1
202 0 1 36 2 1 2 2 2 2 2 0
203 1 1 35 1 1 1 1 2 2 2 1
204 1 1 32 1 1 1 1 1 1 1 1
205 0 1 40 1 2 2 2 2 2 2 1
206 0 1 49 2 2 3 2 1 2 2 1
207 0 1 37 1 1 1 1 1 2 1 0
208 1 1 36 1 2 3 2 1 1 2 1
209 0 1 39 1 1 0 1 1 0 1 1
210 1 1 41 2 2 1 1 1 2 1 1
211 1 0 32 0 1 0 1 0 0 0 0
212 1 1 45 1 1 1 1 2 1 1 1
213 0 1 38 1 1 1 1 1 1 1 1
214 1 1 49 3 3 3 3 3 1 1 1
215 0 1 42 3 3 3 3 3 3 3 1
216 1 1 34 0 0 0 0 0 0 0 0
217 0 1 46 2 2 2 2 2 3 3 1
218 1 1 34 3 2 3 2 2 1 3 1
219 0 1 49 1 1 1 1 1 1 1 1
220 1 1 49 1 1 0 0 1 0 0 1
221 1 1 39 3 2 3 2 3 3 3 1
222 1 1 42 1 1 1 1 1 1 2 1
224 1 1 32 3 2 1 2 3 3 2 1
225 0 1 44 1 1 1 1 1 1 1 0
226 0 1 42 2 2 3 2 3 1 2 1
227 0 1 49 0 0 0 0 0 0 0 1
229 1 1 49 3 3 3 3 3 3 3 0
230 0 1 35 2 2 3 3 3 2 1 0
231 1 1 37 2 2 2 2 1 1 1 0
232 0 0 45 1 1 1 2 2 1 1 1
233 1 1 43 0 1 1 1 1 2 1 1
234 1 1 40 1 1 2 1 2 1 2 1
235 0 1 47 3 3 3 3 3 1 2 1
236 0 1 36 3 3 3 3 2 1 2 1
237 1 0 32 0 0 1 2 2 1 0 0
238 1 0 41 1 1 3 3 3 3 3 0
240 0 1 36 2 2 2 2 1 1 2 1
241 0 1 41 1 1 1 1 0 0 0 1
242 0 1 41 1 1 1 1 1 1 1 0
243 1 1 37 1 0 1 0 0 0 0 1
244 1 1 40 1 2 2 1 1 2 2 0
245 0 1 47 2 1 2 1 1 1 2 0
246 0 1 37 3 2 3 2 3 3 3 0
247 0 1 45 2 3 3 3 2 2 3 1
248 0 1 37 1 1 3 2 1 3 1 1
249 0 1 38 2 2 3 2 2 1 2 0
250 1 1 40 2 2 2 3 3 2 1 1
251 1 1 49 3 1 1 1 2 1 1 0
252 0 1 37 3 1 2 2 3 1 1 0
253 0 1 44 2 1 1 2 1 2 1 1
254 0 1 37 1 1 1 1 1 1 1 0
255 1 1 39 1 1 1 2 2 2 1 0
256 0 1 42 1 1 2 1 1 1 1 1
257 0 1 48 0 1 1 1 1 1 0 1
258 0 1 38 3 2 2 3 3 2 2 0
259 0 1 38 1 2 2 2 1 1 2 0
260 0 1 36 0 0 0 1 0 0 0 1
261 1 1 46 1 1 1 1 1 1 1 0
262 1 1 46 0 0 0 0 0 0 0 1
263 1 1 45 1 1 1 2 1 1 2 1
264 0 1 38 1 1 1 2 1 0 1 1
265 1 0 40 1 1 1 2 1 1 1 1
266 0 1 38 1 1 1 1 1 1 0 0
267 0 1 38 1 0 0 0 1 0 1 0
268 0 1 42 3 3 2 2 2 2 2 1
269 1 1 49 1 1 1 1 1 1 1 0
270 0 1 42 1 3 3 2 1 1 1 1
271 1 1 35 2 3 3 2 2 2 2 0
272 0 1 41 0 1 1 0 0 1 0 1
273 0 1 49 1 1 1 1 1 1 1 0
274 1 1 32 1 0 1 1 1 2 2 1
275 1 1 32 2 1 1 1 1 0 0 1
276 0 1 34 1 1 1 1 2 0 1 1
277 1 1 40 1 1 1 1 1 0 1 1
278 1 1 39 0 0 0 0 0 1 1 0
279 0 1 36 0 1 0 1 1 1 1 0
280 1 1 38 1 1 2 2 1 1 2 1
281 0 1 35 1 1 3 3 3 2 2 0
282 0 1 39 2 2 2 1 2 2 1 0
283 0 1 45 3 2 2 2 2 1 2 0
284 1 1 43 0 0 1 1 0 0 0 0
286 0 1 43 1 2 3 2 2 2 3 0
287 1 1 48 2 3 2 2 2 2 1 1
288 0 1 35 1 2 1 1 1 1 2 1
289 0 1 44 2 2 2 2 2 2 2 1
290 0 1 32 1 1 1 3 0 0 0 0
291 1 1 36 1 2 1 2 2 2 1 1
292 1 1 48 2 2 3 1 2 1 2 1
293 1 1 47 1 1 1 1 1 1 1 0
294 0 1 40 2 1 2 3 1 0 1 0
295 1 1 49 2 2 2 2 2 2 2 1
296 0 1 35 3 3 2 2 3 1 2 1
297 1 1 49 3 2 2 2 2 1 2 0
298 0 1 40 1 1 1 1 2 1 1 1
299 0 1 42 0 0 0 0 0 0 0 0
300 0 1 36 1 1 1 1 1 1 1 1
301 1 1 39 3 2 2 1 3 1 2 1
302 1 1 32 0 1 1 1 1 0 0 1
303 1 1 38 1 1 1 1 1 1 1 0
304 0 1 47 2 2 2 1 1 1 1 0
305 0 1 44 2 2 2 1 3 2 3 0
306 0 1 37 1 0 0 3 0 3 0 0
307 1 0 32 0 1 1 1 0 0 0 1
308 1 1 43 1 2 2 2 1 1 2 0
309 1 1 48 3 2 3 2 3 2 2 1
310 1 0 41 0 0 0 0 1 0 0 0
311 0 1 49 3 3 3 3 3 2 3 1
312 1 1 36 0 0 0 1 0 1 1 0
313 1 1 37 1 1 1 1 1 1 1 1
314 1 1 45 1 1 3 1 1 2 1 0
315 1 1 36 1 2 2 2 2 2 2 1
316 0 1 33 1 1 1 1 0 1 1 1
317 0 1 37 1 1 1 1 1 1 1 1
318 1 1 42 1 2 2 2 2 1 3 1
319 1 1 42 0 1 1 0 1 1 0 0
320 1 1 44 2 2 1 0 1 1 0 0
321 1 1 35 0 3 3 1 1 0 2 1
322 1 1 35 3 0 0 0 1 1 3 0
323 1 1 47 2 1 2 1 1 1 1 0
324 1 1 39 1 1 1 1 1 1 2 1
325 1 1 32 3 2 3 2 1 0 2 0
326 1 1 40 0 1 1 1 1 1 1 0
327 0 0 32 0 0 0 0 0 1 0 0
328 0 1 46 2 1 2 2 2 2 2 0
329 1 1 41 1 1 1 1 1 1 1 0
330 1 0 49 1 1 1 1 2 1 2 0
331 1 1 35 1 1 1 1 1 1 1 1
332 1 1 37 3 0 2 2 1 0 1 1
333 0 1 49 2 2 1 1 2 1 0 1
334 1 1 38 0 1 1 1 0 0 1 0
335 0 1 49 2 2 2 2 2 1 2 1
336 1 1 37 1 1 1 1 1 1 1 0
337 0 1 40 2 2 3 2 3 1 2 1
338 1 1 37 1 1 1 1 1 2 2 0
339 0 1 32 0 0 0 0 0 0 0 0
341 1 1 39 3 1 2 1 1 1 2 1
342 1 1 37 1 1 1 1 1 1 1 1
343 0 1 37 1 2 2 2 2 1 1 0
344 0 1 35 0 0 1 0 2 0 1 0
345 1 1 34 1 2 1 2 1 2 1 1
346 1 1 38 1 0 1 2 2 0 0 0
347 1 1 36 2 2 1 1 1 0 0 1
348 1 1 44 1 1 1 1 0 1 1 0
349 1 1 35 2 1 1 1 1 1 1 0
350 0 1 35 2 2 2 2 1 2 2 1
351 0 1 38 3 3 2 2 2 1 2 0
352 0 1 38 1 1 2 2 3 1 0 0
353 1 1 43 1 1 1 1 1 0 1 0
354 0 1 40 1 2 2 2 1 1 3 0
355 1 1 48 1 1 1 1 1 0 1 0
356 1 1 49 1 1 1 1 2 1 1 0
357 0 1 44 1 1 2 1 2 0 1 1
359 0 1 49 2 3 3 3 2 1 1 1
360 1 1 39 1 1 1 2 1 1 1 1
361 1 1 44 2 1 2 1 1 0 1 1
362 0 1 45 3 3 3 3 3 1 3 1
363 1 1 49 1 2 2 1 1 1 1 0
364 0 1 49 1 1 1 2 2 1 2 1
365 1 1 42 0 1 0 0 0 0 0 0
366 1 1 39 2 1 3 2 1 0 1 1
367 1 1 39 1 1 2 1 2 2 2 0
368 0 1 39 1 1 1 2 1 1 2 0
369 1 1 40 2 2 2 2 2 1 3 1
370 1 1 46 2 2 2 2 2 2 2 0
371 0 1 36 1 1 2 2 3 1 1 0
372 0 1 47 3 3 3 3 3 1 2 1
373 1 1 42 1 1 2 2 1 0 1 0
374 1 1 38 1 1 1 1 1 1 1 1
375 1 1 42 0 0 0 1 1 1 1 1
376 1 1 49 1 1 2 2 2 1 2 0
377 0 1 34 2 1 2 1 1 1 2 0
378 1 1 39 2 2 1 1 0 0 0 0
379 1 1 48 1 1 1 0 0 0 1 0
380 0 0 44 0 1 1 1 1 0 1 0
381 1 1 36 2 2 2 3 3 1 3 0
382 0 0 34 0 1 2 1 1 2 1 0
383 0 1 37 1 1 2 1 1 1 1 0
384 1 1 40 2 1 1 1 2 1 1 0
385 1 1 47 3 1 1 1 1 1 1 0
386 1 1 49 2 1 3 2 2 0 2 0
387 0 1 38 3 3 2 2 2 0 1 1
388 1 1 36 2 2 2 3 1 0 1 0
389 1 1 43 2 1 1 1 1 1 1 1
390 0 1 32 0 0 2 2 0 1 1 1
391 0 1 41 1 1 0 0 0 0 0 1
392 0 0 36 0 1 1 1 2 1 0 0
393 1 1 36 2 1 2 2 1 1 1 0
394 1 1 35 1 1 1 2 1 0 0 1
395 1 1 32 0 0 0 0 0 0 0 1
396 0 1 34 1 1 1 1 1 1 1 1
397 1 1 44 0 0 1 1 0 0 1 0
398 0 1 38 2 2 1 2 2 2 2 0
399 1 0 45 2 3 1 1 1 3 2 1
400 0 1 42 1 1 1 1 1 1 1 1
401 1 1 45 1 1 1 1 2 1 2 0
402 1 1 39 1 2 2 2 2 1 2 0
403 0 1 42 3 3 3 3 3 3 3 1
405 1 1 40 1 1 0 1 1 2 0 1
406 0 1 39 0 0 1 0 1 1 0 0
407 0 1 37 3 2 2 2 2 2 2 0
408 0 1 39 1 2 2 2 2 1 1 0
409 0 1 46 1 2 3 2 2 1 3 1
410 1 1 42 0 0 0 0 0 0 0 1
411 0 1 49 1 1 1 1 1 0 1 0
412 0 1 36 1 1 2 2 1 1 1 0
413 1 1 49 1 1 1 1 1 1 1 0
414 1 1 42 2 1 1 1 1 1 2 0
415 1 1 48 2 2 2 2 2 1 2 1
417 0 1 49 1 1 1 1 2 2 2 1
418 0 1 42 2 2 2 1 2 1 1 0
419 0 1 35 0 1 1 0 2 1 0 0
420 1 1 37 1 1 2 2 1 1 2 1
421 1 1 49 3 3 3 3 3 2 2 1
422 1 1 43 1 1 1 1 1 1 1 1
423 1 1 37 1 0 1 1 0 0 1 0
424 1 1 36 1 1 1 1 1 2 1 0
426 0 1 42 1 2 1 1 0 1 1 1
427 0 1 32 1 1 1 2 2 1 1 1
428 0 1 32 1 0 1 0 0 0 0 1
429 0 1 45 1 1 1 1 1 1 1 0
430 0 1 49 1 1 1 1 1 0 1 1
431 1 1 35 3 2 3 2 3 2 2 1
432 1 1 37 2 1 1 3 3 1 3 0
433 1 1 43 1 1 1 1 1 0 1 0
434 1 1 40 3 3 3 3 3 1 1 0
435 1 1 39 1 1 1 1 1 1 1 1
436 0 1 39 1 1 2 1 1 0 0 0
438 0 1 42 3 2 2 3 2 2 2 0
439 0 1 43 0 0 1 1 1 1 0 1
440 0 1 49 2 2 3 2 2 3 2 0
441 1 1 36 2 2 3 1 2 0 2 0
442 0 1 42 3 2 2 2 2 1 2 0
443 0 1 49 1 1 2 2 1 1 1 1
444 1 1 42 1 1 2 1 1 0 1 0
445 0 1 44 3 3 3 3 3 3 3 0
446 1 1 47 0 0 0 3 3 0 1 0
447 0 1 34 1 1 1 1 1 1 0 0
448 0 0 38 2 2 3 2 2 2 2 1
449 0 1 38 2 2 2 2 2 1 2 1
450 0 1 47 1 1 2 1 1 1 2 1
451 1 1 38 0 0 0 0 0 0 0 1
452 0 1 49 1 2 1 1 1 2 1 0
453 1 1 40 1 1 1 1 1 1 1 0
454 0 1 42 1 1 1 1 1 1 1 1
455 0 1 33 2 2 3 2 3 2 3 0
456 1 1 42 2 2 0 2 0 0 3 1
457 0 1 41 2 2 2 2 3 1 1 1
458 0 1 35 1 2 1 1 0 0 2 0
459 1 1 35 1 0 0 1 0 0 0 0
460 1 1 46 1 1 1 1 1 1 1 1
461 1 1 41 1 1 1 1 0 1 1 0
462 0 1 43 2 1 2 1 2 1 2 1
463 0 1 43 1 0 0 0 1 0 0 1
464 0 1 37 2 2 2 2 2 2 2 0
465 1 1 47 1 1 1 1 1 1 1 1
466 1 1 49 2 1 1 1 1 1 1 0
467 1 1 44 1 1 1 1 1 1 1 1
468 1 1 41 1 3 3 3 2 3 3 0
469 0 1 40 2 2 1 2 1 2 3 1
470 1 0 49 1 1 1 1 2 1 1 0
471 0 1 35 1 1 1 1 1 1 1 0
472 1 1 33 1 1 1 1 1 1 1 1
473 0 1 34 1 1 1 1 1 1 0 0
474 1 1 39 2 3 3 2 3 2 3 1
475 1 1 35 1 1 1 1 1 0 1 1
476 0 1 40 0 1 1 0 0 0 1 1
477 0 0 40 1 0 0 0 0 0 0 0
478 0 1 49 2 2 2 2 2 2 1 1
479 1 1 35 0 0 0 1 1 0 0 0
480 0 1 38 2 1 1 1 1 1 1 1
482 1 1 39 1 1 0 1 0 1 0 0
483 1 1 33 1 1 1 0 1 2 2 1
484 0 1 42 0 2 0 0 0 0 0 0
485 1 0 39 1 2 1 1 2 1 1 0
486 0 1 42 3 3 3 3 3 3 3 1
487 1 1 44 2 3 3 3 3 3 3 1
488 0 1 42 1 1 1 3 1 0 2 0
489 0 1 41 1 1 1 1 1 1 1 1
490 0 1 42 1 0 1 1 1 1 1 1
491 1 1 49 1 1 1 1 1 1 1 1
492 0 1 32 2 2 2 2 2 2 2 1
493 1 1 45 3 2 2 2 2 1 3 1
495 0 1 41 1 1 1 1 1 1 1 1
496 0 1 37 1 0 1 1 0 0 1 1
497 0 1 33 1 1 2 2 1 2 2 1
498 1 0 35 1 1 0 0 0 1 1 1
499 0 1 40 0 2 0 0 0 0 1 1
500 1 1 43 1 1 1 1 0 0 0 1
501 0 1 42 1 2 1 1 1 1 0 1
502 1 1 49 2 1 2 2 2 1 2 1
503 0 1 34 1 2 1 1 1 2 2 1
504 1 1 32 2 2 1 2 2 2 2 1
505 0 1 38 2 2 3 1 3 1 2 0
506 1 1 36 1 1 1 1 1 1 1 0
507 1 1 38 2 1 1 2 3 0 1 0
508 0 1 42 1 1 1 0 2 3 1 0
509 1 1 46 1 1 1 1 1 1 1 0
510 0 1 34 2 2 3 1 2 1 1 0
511 0 0 40 1 1 1 1 1 1 0 0
512 0 1 36 1 1 1 1 1 1 1 1
513 1 1 38 2 2 2 3 2 1 3 0
514 0 1 35 2 1 2 1 1 1 3 1
515 1 1 34 2 2 1 1 3 2 2 1
516 1 1 49 1 1 2 3 2 1 2 1
517 0 1 36 1 0 1 1 1 0 1 0
518 1 0 46 0 0 0 0 0 0 0 0
519 1 1 45 0 1 0 1 0 0 0 0
520 0 1 32 2 2 2 2 3 1 1 0
521 1 1 32 3 2 2 2 2 1 2 1
522 0 1 42 2 2 3 3 3 2 3 0
523 1 1 45 1 1 1 1 2 1 1 0
524 1 1 43 1 1 2 2 2 1 1 0
525 1 1 43 3 2 3 2 2 1 3 1
526 1 1 44 1 2 2 2 2 1 1 1
527 0 1 36 0 0 0 0 0 0 0 1
528 1 1 37 3 3 2 2 2 3 2 0
529 0 1 44 1 1 1 1 1 1 1 1
530 0 1 38 1 1 1 1 1 1 1 0
531 0 1 32 3 1 1 1 2 1 3 0
532 1 1 39 1 1 1 2 1 1 1 1
533 1 1 36 0 0 1 1 0 1 1 0
534 0 1 41 1 1 2 2 2 2 2 0
535 1 1 48 3 3 1 1 1 1 1 0
536 0 1 37 1 1 2 1 0 0 1 0
537 0 1 41 2 2 2 1 1 1 2 0
538 0 1 45 1 1 3 3 1 0 0 0
539 1 1 45 2 1 1 1 1 1 1 1
540 1 1 42 1 3 3 3 3 3 3 0
541 0 1 38 1 1 1 2 1 1 1 0
542 0 1 45 0 0 0 0 0 0 0 0
543 1 1 37 1 0 1 1 0 0 2 0
544 1 1 37 2 2 2 2 2 2 2 1
545 0 1 48 3 3 3 2 2 2 2 0
546 1 1 36 1 1 1 1 1 1 2 1
547 0 1 49 1 1 1 1 0 1 1 1
548 1 1 39 0 0 0 1 1 1 1 1
549 0 1 48 1 1 1 1 0 0 0 0
550 0 1 49 1 1 1 1 1 1 1 0
551 0 1 46 3 3 3 2 2 0 3 0
552 1 1 32 2 2 2 2 2 2 1 0
553 1 1 36 1 1 1 1 1 1 1 1
554 1 1 42 1 2 2 2 1 1 1 0
555 1 1 46 1 2 2 2 2 2 2 0
556 1 1 39 1 2 2 1 2 1 2 0
557 1 1 32 1 1 0 1 1 1 2 0
558 0 1 37 0 1 0 1 0 0 1 1
559 1 1 45 1 1 2 1 0 1 1 0
560 1 1 40 0 1 2 1 2 1 1 1
561 0 1 49 0 0 1 1 1 1 1 1
562 0 1 39 1 1 1 1 2 1 1 1
563 0 1 44 0 0 1 1 1 1 0 1
564 1 1 35 2 1 2 2 2 1 1 0
565 1 1 48 1 1 1 2 2 2 1 0
566 0 1 34 2 3 2 2 2 2 1 0
567 1 1 36 2 1 1 2 1 3 2 0
568 0 1 42 1 1 1 1 1 1 1 1
569 0 1 33 2 1 2 2 3 2 2 1
570 0 1 40 1 1 2 1 1 1 1 0
571 1 1 37 2 1 1 2 1 0 1 0
572 1 1 44 2 1 1 2 1 1 1 0
573 0 1 45 1 1 1 1 1 1 1 0
574 1 1 37 3 3 3 3 3 3 3 0
575 1 1 47 1 0 1 1 0 0 1 0
576 1 1 49 0 1 1 0 1 0 1 0
577 0 1 42 0 1 2 3 1 1 2 0
578 1 1 34 2 1 2 1 3 2 2 1
579 0 1 32 2 2 2 2 2 2 2 0
580 1 1 37 2 1 1 2 2 1 2 1
581 1 1 33 1 1 1 1 1 1 1 0
582 1 0 39 0 0 0 0 0 0 0 0
583 1 0 49 1 2 1 1 1 1 1 1
584 1 1 38 1 2 2 3 1 2 3 1
585 0 1 34 1 2 2 1 3 1 1 0
586 1 1 42 1 1 2 2 1 1 1 0
587 0 1 43 0 0 0 0 0 0 0 0
588 1 1 46 1 1 1 1 1 1 1 1
589 1 1 46 1 1 1 1 1 1 1 1
590 1 1 32 0 1 2 1 3 3 0 1
591 0 1 44 1 1 1 1 1 1 1 0
592 1 1 41 1 1 2 1 2 2 1 1
593 1 1 46 2 3 2 2 3 1 3 1
594 0 1 41 2 2 2 1 1 1 2 1
595 1 1 39 2 2 1 1 1 0 1 0
596 0 1 41 1 1 2 1 1 1 2 1
597 0 1 35 1 2 2 2 2 1 2 0
598 0 1 32 0 0 0 0 0 0 0 0
599 0 1 32 1 1 1 1 0 1 0 1
600 1 1 34 3 3 2 3 3 1 2 0
601 0 0 46 0 0 0 0 0 0 0 1
602 1 0 49 0 0 0 0 0 0 0 1
603 0 1 45 2 1 2 2 3 2 2 0
604 1 1 32 2 1 2 3 2 2 1 0
605 0 1 32 0 0 0 0 0 0 0 1
606 1 1 37 2 2 2 3 3 1 3 1
607 0 1 42 1 1 1 1 0 0 1 1
608 0 1 36 0 0 1 1 1 1 1 0
609 0 1 40 1 2 2 2 2 1 2 0
610 0 1 49 1 2 2 2 2 2 2 0
611 1 1 49 1 1 3 1 1 1 1 0
612 1 1 32 1 1 1 1 1 1 1 0
613 1 0 37 2 2 1 1 1 1 1 1
614 0 1 38 1 1 0 1 0 1 0 1
615 0 1 49 1 2 1 2 1 0 1 0
616 1 1 49 0 0 0 0 0 0 0 0
617 0 1 41 1 2 1 2 3 1 2 1
618 1 1 43 0 0 0 0 0 0 0 1
619 1 1 37 2 2 2 2 2 1 2 1
620 0 1 40 3 2 3 2 2 1 2 1
621 0 1 41 1 1 1 1 1 0 1 1
622 1 1 35 3 3 2 2 2 2 1 1
623 1 1 43 1 2 2 1 2 2 1 0
624 0 1 32 0 1 1 2 0 3 1 1
625 0 1 41 1 3 1 2 3 0 3 1
626 0 1 44 0 0 0 0 0 0 0 0
627 0 1 40 0 0 0 0 0 1 0 0
628 0 1 40 0 0 1 0 0 0 0 1
629 1 1 40 2 1 2 2 2 2 2 1
630 1 1 39 1 0 1 1 1 0 1 1
631 0 1 45 1 1 1 1 1 1 1 0
632 0 1 34 1 2 2 1 1 1 1 1
633 1 1 40 2 2 2 2 2 1 2 0
634 1 1 40 3 2 2 2 2 1 3 1
635 0 1 33 3 1 0 1 3 0 0 1
637 1 1 37 1 1 1 1 2 1 1 1
638 1 1 42 2 2 2 3 2 2 2 1
639 1 1 44 1 1 2 2 1 2 2 0
640 0 1 49 3 3 3 3 3 3 3 0
641 1 1 49 1 1 1 1 1 1 1 1
642 1 0 32 0 0 0 0 0 0 0 1
643 1 0 49 3 3 3 3 3 3 3 1
644 1 1 34 3 3 3 2 2 1 2 1
645 1 0 36 1 1 1 1 1 1 1 1
646 1 1 38 2 2 2 2 2 2 2 0
647 1 1 33 2 0 1 1 1 0 0 0
648 1 1 32 1 1 1 1 2 0 1 0
649 1 1 39 2 1 1 1 1 1 2 1
650 1 1 44 2 3 2 3 2 3 1 0
651 1 1 38 0 0 0 0 1 0 0 0
652 1 1 38 2 1 3 2 2 3 3 1
653 1 1 37 2 3 2 2 1 2 3 1
654 0 1 43 0 1 1 2 1 3 1 0
655 0 1 45 1 2 2 1 2 0 1 0
656 1 1 42 2 1 2 2 2 1 2 0
657 0 1 38 2 1 2 1 2 1 2 1
658 0 1 35 0 0 0 0 0 0 0 1
659 0 1 44 1 1 1 1 0 0 0 0
660 0 1 42 1 1 1 1 1 1 1 0
661 0 1 44 1 1 1 1 0 1 0 1
662 0 0 49 1 1 0 0 0 1 1 1
663 0 1 34 1 1 2 1 1 1 1 1
664 1 1 49 3 3 3 3 3 1 3 0
665 0 1 33 2 2 1 3 1 0 1 1
666 1 1 45 2 2 2 2 2 2 2 0
667 1 0 42 1 1 1 1 2 1 0 1
668 1 1 36 3 2 2 3 3 1 1 0
669 0 1 43 1 1 2 2 1 1 2 0
670 1 1 38 0 1 3 1 1 0 1 0
671 0 1 38 0 0 3 3 3 0 3 1
672 0 1 44 2 2 2 2 1 1 1 1
673 1 1 33 0 0 1 1 1 0 0 1
674 1 1 45 1 0 1 1 1 0 1 1
675 0 1 37 1 1 1 1 0 0 0 0
676 1 1 40 3 3 0 3 2 2 3 0
677 1 1 32 3 1 2 1 1 0 2 0
678 1 1 32 2 2 2 3 2 1 2 0
679 1 1 49 1 1 1 1 0 0 2 1
680 0 1 34 1 1 1 1 0 1 1 0
681 0 1 36 1 1 2 2 1 1 2 1
682 1 1 34 1 0 2 2 3 0 0 0
683 0 1 32 0 0 0 1 1 0 0 0
684 0 0 36 1 1 1 1 1 1 1 1
685 0 1 36 2 3 2 2 2 2 2 1
686 1 1 36 1 1 2 1 2 0 0 1
687 0 1 38 1 1 1 1 1 1 1 1
688 1 1 38 1 1 1 1 1 0 0 1
689 1 1 49 2 3 2 3 1 1 1 0
690 1 1 37 2 1 2 1 1 2 2 0
691 0 1 44 1 1 1 1 1 0 1 0
692 1 1 32 1 2 2 1 1 0 1 1
693 0 1 49 2 1 2 1 1 1 1 1
694 0 1 44 1 1 1 1 3 1 2 0
695 1 1 33 1 1 3 1 1 2 2 1
696 0 1 32 1 2 1 1 0 1 0 1
697 1 1 36 1 1 1 2 2 1 1 1
698 1 1 49 1 1 0 1 1 0 1 0
699 0 1 35 1 1 1 1 1 1 1 0
700 0 1 35 1 1 2 2 1 0 1 1
701 0 1 32 1 0 0 3 2 1 1 1
702 0 1 35 3 2 1 1 1 1 1 1
703 1 1 43 1 1 1 1 1 1 0 0
704 1 1 36 1 2 2 2 2 2 2 1
705 0 1 36 1 1 1 1 1 0 0 0
706 0 1 47 2 1 2 2 1 2 2 1
707 0 1 35 1 1 1 1 1 1 1 0
708 1 1 42 3 3 3 3 3 3 3 0
709 1 1 32 1 1 1 1 1 0 1 0
710 1 1 42 1 1 1 1 1 0 0 0
711 1 1 44 3 3 3 2 2 2 2 0
712 0 1 39 2 1 2 2 2 1 2 1
713 0 0 49 1 1 0 0 0 0 0 1
714 1 1 41 1 2 2 1 2 1 2 0
715 0 1 32 0 1 1 0 0 1 0 1
716 0 1 48 3 2 2 2 2 1 2 1
717 1 1 40 2 1 1 1 2 1 1 1
718 1 0 32 1 1 1 1 1 1 1 1
719 1 1 32 1 2 1 1 2 1 1 1
720 0 1 45 1 1 2 2 2 1 2 0
722 0 1 36 3 3 3 3 3 2 2 0
723 1 1 38 1 1 1 1 1 1 1 1
724 0 1 38 1 0 1 1 0 0 1 1
725 1 1 33 3 3 3 3 2 2 3 0
726 1 1 39 1 0 2 1 2 2 0 0
727 0 1 35 3 3 3 3 1 3 1 1
728 1 1 43 1 1 1 1 1 1 1 0
729 0 1 38 2 2 2 2 2 1 1 1
730 1 1 37 0 1 1 1 1 1 1 0
732 0 1 34 3 2 3 2 2 2 2 1
733 1 1 49 1 1 1 1 1 1 1 0
734 1 1 38 2 2 2 2 2 1 1 1
735 1 1 43 2 2 1 1 2 1 1 0
736 1 1 34 1 1 1 1 1 1 1 1
737 1 1 39 3 3 3 3 3 1 1 1
738 1 1 49 3 2 1 1 2 0 1 1
739 0 1 44 2 3 3 3 3 3 3 0
740 1 1 40 2 2 1 1 1 1 1 1
741 1 1 32 2 2 2 2 2 2 2 0
742 0 1 38 0 1 1 0 0 0 0 1
743 1 1 49 1 1 2 2 3 2 1 1
744 0 1 45 2 2 2 2 2 2 2 1
745 0 1 42 1 1 2 3 3 3 3 0
746 0 0 49 1 0 0 1 0 0 0 1
747 0 1 32 1 1 3 2 0 1 1 0
748 1 0 49 0 0 0 1 0 1 1 1
749 1 1 37 2 2 1 2 3 2 0 0
750 1 1 43 1 1 2 2 1 0 2 1
751 0 1 33 1 3 3 3 3 1 3 1
752 1 1 40 0 0 0 0 0 0 0 1
753 0 1 40 0 0 0 0 0 0 0 1
754 1 1 36 2 1 2 1 2 1 2 1
755 0 1 41 0 1 0 2 2 0 0 1
756 1 1 33 1 3 2 2 1 1 1 1
757 1 1 43 3 2 2 2 1 1 1 0
758 1 1 36 1 1 2 3 2 2 2 1
759 1 1 38 1 1 1 1 1 1 1 1
760 0 1 45 1 1 2 2 1 1 0 0
761 0 1 39 2 1 1 1 2 1 1 0
762 1 1 33 2 2 2 2 2 2 1 1
763 0 1 45 2 2 1 1 1 1 1 0
764 0 1 34 3 3 3 3 2 3 2 0
765 0 0 49 0 0 0 0 0 0 0 0
766 1 1 48 1 1 2 0 1 2 3 0
767 0 1 32 3 3 3 3 3 2 3 1
768 0 1 32 2 1 3 2 1 1 1 0
769 1 1 49 1 1 1 1 1 1 1 0
770 1 1 32 2 1 2 3 2 1 1 0
772 1 1 36 1 3 2 3 3 3 2 0
774 1 0 32 0 0 0 0 0 0 0 1
775 1 1 44 1 3 3 3 3 3 3 0
776 0 1 42 1 1 1 1 1 1 1 1
777 0 1 43 1 1 2 1 2 2 2 0
778 0 1 32 2 2 2 2 2 2 2 0
779 0 1 37 2 2 3 2 2 2 2 1
780 1 1 40 2 3 3 2 3 3 2 1
781 0 1 34 3 2 2 2 2 1 2 0
782 0 1 41 2 1 2 3 3 1 3 0
783 0 1 32 1 2 3 1 0 0 0 0
784 1 1 38 2 2 2 2 2 1 1 0
785 1 1 43 3 3 3 3 3 2 3 1
786 0 1 43 1 1 2 1 1 1 1 0
787 1 1 42 2 2 2 2 3 1 1 0
788 1 1 40 3 1 2 2 1 1 2 1
789 0 1 41 3 2 2 2 1 1 2 1
790 1 1 36 1 3 3 2 2 1 1 0
791 1 1 32 2 2 2 2 2 2 1 1
792 1 1 38 1 1 1 1 1 1 2 0
793 0 1 46 2 2 0 0 0 0 0 1
794 1 1 37 3 2 3 2 2 1 2 1
795 1 1 38 2 2 3 1 2 1 1 1
796 0 1 49 1 1 2 1 1 1 1 0
797 0 1 32 3 2 3 3 3 2 2 0
798 0 1 45 2 2 1 1 2 1 1 1
799 0 1 33 1 2 1 1 1 1 2 0
800 0 1 37 1 1 1 2 2 1 1 0
801 1 1 49 0 1 1 1 1 0 0 0
802 1 1 42 1 2 2 2 2 1 1 0
803 1 1 39 2 2 2 2 2 2 2 0
804 0 1 44 1 1 1 1 1 1 1 0
805 1 1 43 1 2 2 1 2 2 2 0
806 0 1 32 2 2 2 2 1 1 1 0
807 1 1 45 3 2 2 1 2 1 1 0
808 1 1 40 0 1 0 0 0 1 0 0
809 0 1 36 2 1 1 1 0 0 0 0
810 0 1 39 1 1 1 0 1 1 1 0
811 1 1 38 2 1 1 2 1 1 1 0
812 0 1 36 2 1 2 2 2 1 2 1
813 0 1 47 2 2 2 2 2 2 1 1
814 0 1 42 3 3 3 3 3 3 3 1
815 0 1 49 0 0 0 0 0 0 0 0
816 1 1 37 3 2 3 2 3 2 2 1
817 0 1 47 1 3 2 1 1 1 2 1
818 1 1 32 0 0 0 0 2 2 3 0
820 1 1 38 1 1 2 2 2 1 2 0
821 1 1 40 1 1 2 1 1 1 1 0
822 0 1 36 2 1 3 2 2 1 2 0
823 0 1 32 1 0 1 1 1 0 0 1
824 0 1 34 1 0 1 1 1 1 1 0
825 0 1 40 3 2 2 3 2 2 3 0
826 0 1 40 0 1 1 1 0 0 1 0
827 0 1 42 3 1 1 2 1 1 1 1
828 1 1 42 3 3 3 3 3 2 3 0
829 1 1 48 2 2 2 2 1 1 1 1
830 1 1 38 1 1 1 1 0 1 1 0
831 0 1 44 2 2 3 3 2 2 2 1
832 0 1 38 3 2 2 2 2 2 2 1
833 0 1 36 3 3 3 3 3 3 3 1
834 1 1 49 1 1 2 1 1 1 1 1
835 0 1 32 1 1 1 2 2 2 2 0
836 1 1 37 3 3 3 2 2 2 2 1
837 1 1 38 3 3 3 2 3 2 3 0
838 0 1 40 2 2 3 2 3 3 3 0
839 0 1 38 1 1 3 2 2 1 1 1
840 0 0 32 3 2 2 2 2 1 1 1
841 1 1 40 1 3 3 1 0 1 3 0
842 1 1 44 2 2 2 2 3 1 3 1
843 0 1 36 0 1 0 1 0 1 0 1
844 0 1 38 1 1 2 2 2 2 2 1
845 0 1 36 2 2 2 3 2 1 2 1
846 0 1 48 1 2 2 2 2 2 2 0
847 0 1 49 3 3 2 1 2 1 1 1
848 0 1 41 1 1 2 1 1 1 1 0
849 1 1 34 1 2 1 2 1 1 1 0
850 1 1 40 3 3 3 3 3 3 3 0
851 1 1 32 2 1 2 1 1 1 1 1
852 1 1 32 1 1 1 1 1 1 1 1
853 1 1 41 1 1 2 1 2 1 1 0
854 0 1 36 2 2 3 3 2 2 2 1
855 1 0 49 1 1 1 2 3 2 2 1
856 1 1 32 0 3 1 1 2 3 1 1
857 0 1 44 3 2 3 3 1 1 1 0
858 0 1 49 2 1 3 2 2 1 2 0
859 0 1 35 2 2 2 2 2 2 2 1
860 0 1 47 2 2 2 1 3 1 1 1
861 0 1 35 1 1 1 1 1 1 1 1
862 0 1 36 1 1 1 1 1 1 1 1
863 0 1 38 1 1 0 1 1 1 0 0
865 0 1 32 1 1 1 1 1 0 0 0
866 0 1 38 3 3 3 2 3 1 3 1
867 1 1 32 1 1 1 1 1 2 1 1
868 0 1 48 3 2 3 1 3 2 1 0
869 0 0 32 1 2 1 1 1 2 2 1
870 1 1 38 3 3 2 2 2 2 2 1
871 1 1 33 2 2 2 1 1 1 1 0
872 0 1 38 1 1 2 1 1 1 2 1
873 0 1 39 1 2 1 2 1 0 1 0
874 1 1 37 1 1 1 1 1 1 0 1
875 0 1 36 1 1 1 1 0 0 1 1
876 0 0 32 1 1 2 2 1 1 0 1
877 1 1 32 1 1 1 1 2 1 1 0
878 1 1 36 0 0 0 0 0 0 0 1
879 0 1 37 3 3 2 1 1 1 1 1
880 0 0 42 2 2 2 1 1 1 1 1
881 0 1 38 1 1 1 1 1 1 1 0
882 1 1 39 1 1 1 2 2 1 2 1
883 0 1 37 1 1 1 1 1 2 1 1
884 0 1 34 1 2 2 1 1 2 2 0
885 1 1 44 1 2 1 1 1 1 1 1
886 1 1 42 0 2 3 1 1 0 1 1
887 0 1 41 2 2 3 3 3 2 2 1
888 0 1 48 2 1 2 2 3 1 1 0
889 0 1 41 3 2 2 2 2 1 1 1
890 0 1 45 3 3 3 3 3 3 3 0
891 0 1 42 1 0 0 1 1 0 0 0
892 0 1 45 2 1 1 2 1 1 1 0
893 1 1 32 2 1 3 3 1 2 3 1
894 0 1 49 2 2 2 2 3 3 3 0
895 1 1 37 2 1 3 1 3 2 3 0
896 0 1 33 1 1 2 1 2 1 1 1
897 1 1 38 1 1 1 1 2 1 2 0
898 1 1 38 1 1 0 1 1 1 1 0
899 0 1 33 3 2 1 2 1 1 2 0
900 0 1 34 2 2 2 3 2 3 2 1
901 0 0 37 2 2 2 2 2 2 2 0
902 0 1 37 2 2 2 2 2 2 2 0
903 0 1 49 1 2 2 2 1 1 1 0
904 1 1 36 0 1 1 1 2 1 1 1
905 1 1 39 2 2 3 2 1 1 2 0
906 0 1 32 1 1 2 2 3 0 0 1
907 1 1 49 2 2 2 2 1 2 2 1
908 1 1 34 3 3 3 3 1 0 3 0
909 1 1 43 0 0 0 0 0 0 0 1
910 0 1 32 1 1 1 1 0 0 1 0
911 0 1 32 3 2 2 2 1 0 1 1
912 1 1 36 1 1 2 2 2 2 2 1
913 1 1 35 2 1 3 2 3 1 2 1
914 0 1 44 1 1 1 1 2 1 1 1
915 1 1 35 2 2 2 2 1 1 1 1
916 1 1 42 3 2 2 2 2 1 1 1
917 1 1 49 2 1 2 2 2 1 1 1
918 1 1 49 2 1 1 1 3 2 2 1
919 0 1 46 1 2 2 2 2 1 1 0
920 1 1 38 3 3 3 3 3 2 3 1
921 1 1 38 1 2 2 1 1 2 1 1
922 1 1 48 1 1 2 1 1 2 2 1
923 1 1 36 3 3 3 3 2 1 2 1
924 1 1 38 2 2 2 1 1 0 1 0
925 0 1 37 1 1 1 1 1 1 1 1
926 1 1 49 0 0 0 0 0 0 0 1
927 0 1 39 1 1 2 1 2 2 1 0
928 1 1 49 2 1 2 1 1 2 0 0
929 1 1 36 3 2 3 3 1 1 2 1
930 1 1 42 1 1 1 1 1 1 1 0
932 1 1 49 2 2 1 1 1 2 1 1
933 1 1 41 3 2 2 2 3 1 2 0
934 1 1 46 0 2 2 2 1 1 1 1
935 1 1 34 1 1 1 2 2 0 1 1
936 0 1 43 1 1 2 1 2 1 1 1
937 0 1 49 3 3 2 1 1 1 1 1
938 1 0 49 1 1 2 1 2 2 2 0
939 1 1 34 2 1 1 1 1 0 1 1
940 1 1 43 3 2 3 3 3 3 3 0
941 1 1 40 1 1 1 1 1 1 1 1
942 0 1 32 0 0 0 1 0 0 0 1
943 1 1 41 1 1 1 1 1 2 1 1
944 0 1 40 0 1 1 0 1 0 2 1
945 0 1 46 0 0 0 0 0 0 0 1
946 0 1 37 1 1 1 1 1 1 1 0
947 0 1 35 1 1 1 1 1 1 1 0
948 1 1 42 1 1 1 1 1 0 0 1
949 0 0 43 3 3 3 3 3 3 3 0
950 0 1 32 2 1 2 3 2 1 1 1
951 1 1 43 2 2 3 3 3 2 2 1
952 0 1 36 2 2 2 2 2 2 2 1
953 0 1 49 1 2 1 1 2 1 1 1
954 0 1 37 1 3 2 1 1 1 1 0
955 1 1 44 1 0 1 1 1 1 1 1
956 0 1 38 1 2 1 2 2 3 2 0
957 0 0 32 3 0 1 0 0 1 0 1
958 0 1 32 1 1 2 2 2 1 1 0
959 0 1 42 0 1 1 1 1 1 1 0
960 1 0 45 1 0 1 1 1 0 0 1
961 1 1 41 2 2 2 2 2 2 2 0
962 1 1 32 2 1 0 0 0 1 1 0
963 0 1 32 2 1 1 2 1 0 0 1
964 1 1 36 1 1 2 2 1 1 2 1
965 0 1 44 3 2 2 3 1 2 2 1
966 0 1 49 0 0 0 0 0 0 0 1
967 0 1 39 2 1 1 1 1 1 2 0
968 0 1 37 1 1 2 2 2 2 1 1
969 1 1 47 1 1 2 1 2 1 1 1
970 0 1 47 1 0 1 0 0 0 0 1
971 0 1 44 0 2 1 0 0 0 1 0
972 1 1 41 3 3 3 3 3 3 3 1
973 1 0 32 0 0 0 0 0 0 0 0
974 0 1 34 1 2 3 2 1 1 1 1
975 1 1 36 3 1 2 2 2 1 1 1
976 0 1 40 1 2 2 2 1 1 2 0
977 0 1 37 1 1 0 1 2 0 1 1
978 0 1 38 2 1 2 2 2 2 2 1
979 0 1 41 1 1 2 2 3 1 1 0
980 1 1 35 2 2 2 2 2 1 2 0
981 0 1 40 2 2 2 2 2 2 2 1
982 1 1 48 1 1 1 1 1 0 0 1
983 1 1 34 2 2 2 2 2 2 2 1
984 0 1 47 2 2 2 2 2 2 2 0
985 1 1 49 0 0 1 1 0 2 1 0
986 1 1 41 1 1 1 1 1 1 1 1
987 0 1 32 1 1 1 1 0 0 0 1
988 0 1 41 2 1 2 1 1 1 2 0
990 0 1 41 3 2 3 2 3 2 3 0
991 0 1 36 0 0 0 0 0 0 0 1
992 0 1 42 0 0 0 0 0 0 0 1
993 1 1 33 1 0 0 1 0 0 1 1
994 1 1 36 1 1 1 1 2 2 1 1
995 1 1 36 0 1 0 0 0 0 0 0
996 0 1 33 1 1 2 2 1 2 1 0
997 0 1 42 1 0 0 0 0 0 1 0
998 1 1 44 2 1 1 1 1 1 1 0
999 1 1 46 1 0 3 3 3 2 1 1
1000 0 1 38 1 1 0 1 1 0 0 0
1001 0 1 34 1 0 0 0 0 0 0 1
1002 1 1 39 1 1 2 1 2 1 2 1
1003 0 1 39 1 2 1 1 1 2 1 0
1004 1 1 45 1 1 1 2 1 0 1 1
1005 1 1 40 2 1 3 2 2 0 1 0
1006 0 1 46 1 1 2 1 2 0 1 1
1007 0 1 36 1 2 1 1 1 1 1 1
1008 1 1 32 2 2 1 0 0 1 1 1
1009 0 1 38 0 0 1 0 0 1 0 0
1010 0 1 36 0 0 1 0 1 1 0 0
1011 1 1 49 3 3 2 2 2 2 1 1
1012 1 1 32 1 1 2 2 1 1 2 0
1013 0 1 39 3 3 3 3 3 3 3 0
1014 0 1 42 1 1 2 1 1 1 1 1
1015 1 1 49 1 1 0 1 2 0 1 0
1016 1 1 37 1 1 1 1 1 1 1 0
1017 0 1 49 0 0 0 0 0 0 0 1
1018 0 1 39 3 3 3 2 2 1 2 0
1019 0 1 42 0 2 2 1 1 3 3 0
1020 0 0 42 1 1 0 1 0 0 1 1
1021 0 1 43 1 2 3 3 3 2 3 1
1022 1 1 38 0 0 1 1 2 0 1 0
1023 1 1 45 0 0 0 0 0 0 0 1
1024 0 1 39 1 1 3 1 2 2 2 1
1025 0 1 32 2 2 2 2 2 2 2 1
1026 1 1 44 1 1 1 1 1 1 1 1
1027 0 1 40 1 1 2 2 2 1 2 0
1028 1 1 45 1 1 1 1 1 1 2 0
1029 1 1 35 1 1 1 1 1 1 1 0
1030 1 1 33 1 1 3 2 2 1 1 0
1031 1 1 41 1 1 1 1 2 2 1 1
1032 0 1 42 1 1 1 1 1 1 1 1
1033 1 1 39 1 2 1 2 3 1 2 1
1034 1 1 36 3 3 2 3 3 2 3 1
1035 1 1 35 2 1 2 1 2 2 1 0
1036 1 1 36 1 2 2 2 1 1 2 0
1037 0 1 37 1 2 1 2 0 2 0 1
1038 1 1 44 1 0 0 0 0 0 0 0
1039 1 1 38 2 3 3 3 3 2 2 0
1040 1 1 41 0 2 1 1 1 0 1 0
1041 1 1 32 1 1 1 1 2 2 3 0
1042 1 1 32 3 3 3 3 3 2 3 0
1043 0 1 32 1 2 2 3 2 2 1 0
1044 1 1 36 2 2 2 2 2 1 1 0
1045 0 1 39 3 2 2 2 3 2 3 1
1046 1 1 33 2 2 2 1 1 1 1 0
1047 0 1 39 1 1 1 1 1 1 1 0
1048 1 1 49 2 1 1 1 1 1 1 0
1049 1 1 38 2 2 1 2 1 1 1 0
1050 0 1 49 1 1 1 0 1 1 1 0
1051 1 1 35 2 1 2 2 2 1 2 1
1052 0 1 41 3 3 3 3 2 2 2 1
1053 0 1 38 3 2 3 2 2 1 1 0
1054 0 1 34 1 3 2 1 1 1 1 1
1055 0 1 48 1 1 1 1 1 1 1 1
1056 0 1 49 1 1 1 3 1 1 1 0
1057 1 1 38 3 2 2 2 2 1 1 0
1058 0 1 47 0 0 0 1 0 0 0 0
1059 1 1 32 3 3 3 3 3 2 3 1
1060 0 1 43 2 2 3 3 2 3 2 0
1061 1 0 44 1 1 1 1 1 1 1 1
1062 0 1 32 1 1 2 2 2 1 3 1
1063 0 1 40 1 2 2 2 2 2 1 0
1064 0 1 33 2 1 2 1 2 1 1 1
1065 0 1 49 1 2 2 1 2 1 1 0
1066 0 1 43 1 1 2 1 1 1 2 0
1067 0 1 41 1 2 2 3 2 1 3 0
1068 1 1 33 1 1 2 3 1 1 1 1
1069 0 0 32 0 1 0 0 0 0 0 1
1070 0 1 33 2 2 3 2 2 2 2 0
1071 1 1 43 1 1 1 1 2 1 2 0
1072 1 1 43 1 1 1 1 1 0 1 1
1073 1 1 44 1 1 1 0 0 0 1 0
1074 1 1 38 3 3 3 2 2 1 1 1
1075 0 1 39 1 1 1 1 1 1 1 1
1076 1 1 40 1 1 0 0 0 0 0 0
1077 1 1 48 3 2 3 2 3 2 3 1
1078 1 1 43 1 0 0 1 1 1 1 1
1079 0 0 46 3 3 1 1 1 1 1 1
1080 0 1 45 3 3 2 2 2 1 2 0
1081 1 1 34 1 1 1 1 2 1 1 0
1082 0 1 39 2 1 1 1 2 1 2 0
1083 1 1 41 3 3 3 2 2 2 3 1
1084 0 1 39 1 1 2 2 3 1 2 0
1085 1 1 49 2 1 1 0 1 1 0 1
1086 1 1 32 1 1 2 1 3 1 2 0
1087 0 1 32 2 2 3 3 3 3 3 0
1088 1 1 49 1 1 1 0 1 1 2 1
1089 0 1 39 1 3 2 2 2 1 2 0
1090 0 1 36 0 1 1 1 3 0 2 1
1091 1 1 34 1 1 1 1 0 1 1 0
1092 1 1 32 1 2 1 2 1 0 1 0
1093 1 1 42 3 3 3 1 1 1 2 0
1094 0 1 36 2 2 2 2 2 2 2 1
1095 0 1 41 1 2 2 2 2 2 1 0
1096 1 1 36 1 2 2 2 2 0 1 0
1097 1 1 37 0 1 0 1 1 0 1 1
1098 0 1 33 3 3 3 3 3 3 3 1
1099 0 0 32 0 1 0 0 0 0 0 1
1100 1 1 37 1 1 2 1 2 2 1 1
1101 1 1 46 2 2 1 1 1 1 1 0
1102 0 1 41 1 1 1 1 1 1 1 0
1103 0 1 39 2 2 2 2 3 1 3 1
1104 0 1 34 1 2 3 3 3 2 3 0
1105 1 1 44 2 1 2 1 1 1 2 1
1106 1 1 43 1 0 1 1 0 0 1 1
1107 0 1 34 1 1 1 1 1 1 1 0
1108 1 1 37 1 1 2 1 1 2 2 1
1109 0 1 34 2 3 2 2 2 2 1 1
1110 0 1 42 2 2 2 2 2 2 2 1
1111 1 1 34 3 3 3 3 3 3 3 1
1112 1 1 33 3 3 3 3 3 2 2 1
1113 1 1 39 2 2 1 1 1 1 1 0
1114 0 1 47 1 0 1 0 2 3 1 1
1115 0 1 37 3 3 3 3 3 2 3 1
1116 0 1 43 1 1 0 1 1 1 1 0
1117 0 1 32 2 1 1 2 2 1 1 1
1118 0 0 40 0 0 0 0 0 0 0 0
1119 1 1 42 2 2 1 1 1 0 1 1
1120 1 1 40 1 1 1 1 1 1 1 1
1121 0 1 46 1 1 1 1 1 1 1 1
1122 0 1 32 1 1 1 2 0 0 1 0
1123 0 1 43 2 2 3 3 3 2 2 1
1124 1 1 38 1 1 1 1 1 1 1 1
1125 0 1 34 1 1 2 1 2 0 1 0
1126 1 1 33 0 1 0 1 1 0 0 1
1127 0 1 43 2 2 3 2 2 1 2 0
1128 1 1 36 1 1 1 1 1 1 1 1
1129 1 1 41 3 3 3 3 3 2 3 1
1130 0 1 41 2 3 3 3 2 1 2 0
1131 0 1 47 2 1 2 2 2 1 1 0
1132 1 1 39 2 2 2 2 3 2 2 1
1133 1 1 43 2 2 3 2 2 1 3 0
1134 0 1 48 0 2 0 0 0 0 1 1
1135 0 1 41 1 1 1 1 1 1 1 0
1136 0 1 41 2 1 1 1 1 1 1 1
1137 0 1 36 3 3 3 3 3 1 3 0
1138 0 1 49 1 1 2 1 1 1 1 1
1139 0 1 49 2 2 2 2 1 1 2 1
1140 0 1 39 1 1 0 1 1 0 1 1
1141 0 0 48 0 0 0 0 0 0 0 1
1142 0 1 32 1 1 1 1 1 1 1 0
1143 1 1 41 2 1 1 1 2 1 2 0
1144 0 1 40 2 1 1 2 1 1 1 1
1145 0 1 43 1 1 1 1 1 0 0 0
1147 1 1 39 0 0 1 1 0 2 0 0
1148 1 0 49 3 1 1 2 1 1 1 0
1149 1 1 45 3 2 2 2 2 2 1 1
1150 1 1 37 1 0 0 0 0 1 1 0
1151 0 1 49 2 2 2 2 1 1 1 0
1152 1 1 39 0 2 1 1 1 1 1 0
1153 0 1 49 1 0 1 1 1 1 1 1
1154 0 1 44 3 2 3 2 3 1 3 0
1155 0 1 36 2 2 3 2 3 2 2 1
1156 1 1 35 1 1 1 1 1 1 1 0
1157 1 1 35 1 1 2 1 2 0 1 0
1158 0 1 40 2 3 3 3 3 2 2 1
1159 0 1 35 2 1 1 2 3 0 0 1
1160 1 1 32 1 1 3 2 2 2 1 0
1161 1 1 38 1 1 1 1 1 1 2 0
1163 1 1 40 2 1 2 1 2 1 2 0
1164 0 1 49 0 0 3 3 3 3 3 0
1165 0 0 37 0 1 1 2 0 0 0 0
1166 1 1 49 2 3 3 3 2 2 1 0
1167 0 1 49 3 3 0 3 2 2 0 1
1168 0 1 49 1 1 2 1 1 1 2 1
1169 1 1 32 3 2 1 0 1 0 0 0
1170 0 1 33 1 1 1 1 0 0 1 0
1171 0 1 42 0 2 2 1 2 1 2 1
1172 1 1 43 1 1 1 1 1 0 0 0
1173 1 1 45 1 1 1 0 0 0 1 1
1174 0 1 40 0 1 0 0 0 0 0 1
1175 1 1 43 1 1 1 1 1 1 1 1
1176 1 1 38 1 1 1 1 1 1 1 1
1177 0 1 34 1 0 2 1 1 1 1 0
1178 0 1 32 1 1 1 2 1 1 1 1
1179 0 1 43 2 1 2 3 2 1 2 0
1180 0 1 44 0 1 0 1 0 0 0 1
1181 1 1 46 0 1 1 1 0 0 0 0
1182 0 0 32 2 1 1 1 1 1 1 0
1183 1 0 38 2 2 3 2 3 2 1 1
1184 0 1 39 1 1 1 1 1 1 1 0
1185 0 1 45 3 2 2 2 1 3 2 0
1186 0 1 44 2 1 3 3 3 3 2 0
1187 1 1 36 1 1 1 1 1 1 1 0
1188 1 1 35 2 2 2 2 2 2 2 1
1189 1 1 35 3 3 3 2 3 3 3 0
1190 1 1 32 3 3 2 3 3 3 3 1
1191 1 1 32 2 2 2 2 2 2 2 0
1192 1 1 33 2 2 3 2 2 1 3 0
1193 0 1 47 1 1 0 2 2 0 0 0
1194 1 1 35 3 3 2 2 3 2 2 1
1195 1 1 44 1 1 1 1 1 1 1 0
1196 0 1 41 1 1 2 2 2 1 2 0
1198 0 1 34 1 1 2 1 1 1 1 0
1199 0 1 41 2 2 2 2 0 2 2 1
1200 1 1 43 1 1 2 2 2 1 1 1
1201 1 1 44 1 2 3 2 2 2 2 1
1202 1 1 38 0 0 1 3 1 1 2 0
1203 1 0 46 1 2 2 1 2 3 1 0
1204 1 1 41 1 1 1 1 1 0 1 0
1205 0 1 42 2 3 3 3 2 2 3 1
1206 0 1 42 3 3 3 3 3 2 3 1
1207 0 1 32 1 1 1 1 2 1 1 0
1208 1 1 43 1 1 1 1 1 1 1 1
1209 1 1 38 1 1 1 1 1 1 1 0
1210 0 1 45 3 2 2 1 1 1 1 0
1211 1 1 49 1 2 0 1 0 0 0 1
1212 1 1 32 2 1 2 1 3 1 1 1
1213 1 1 40 3 3 2 2 2 2 2 0
1214 1 1 39 2 3 2 2 2 3 2 1
1215 0 1 35 3 3 3 3 3 2 3 0
1216 0 1 32 2 2 3 3 3 1 3 1
1217 0 1 39 2 3 3 3 3 3 3 0
1218 1 1 39 1 1 1 1 2 1 2 1
1219 0 1 32 0 1 3 3 2 3 3 0
1220 0 1 34 2 1 3 3 2 2 3 1
1221 0 1 38 2 1 2 2 2 2 2 1
1222 0 1 38 1 2 2 2 2 1 2 1
1223 0 1 45 1 2 2 1 3 0 3 0
1224 1 1 34 1 1 1 1 1 1 1 0
1225 1 1 37 1 2 2 1 2 2 1 0
1226 0 1 32 1 1 2 1 1 1 1 0
1227 1 1 32 1 2 1 1 1 0 1 1
1228 0 1 35 2 3 2 3 3 3 3 0
1229 1 1 46 1 1 1 1 1 1 1 0
1230 0 1 39 1 1 1 1 1 0 1 0
1231 0 1 42 1 1 1 1 1 1 1 1
1232 0 1 37 3 2 2 2 3 1 2 1
1233 1 1 37 2 0 1 1 1 1 0 0
1234 0 1 47 1 1 2 1 2 1 2 0
1235 0 1 40 1 2 2 2 2 2 2 1
1236 1 1 32 3 3 1 1 1 2 1 0
1237 1 1 32 0 1 1 1 0 1 1 1
1238 1 1 40 2 2 2 2 1 1 2 0
1239 1 1 35 2 1 2 1 2 1 1 1
1240 1 1 35 0 0 0 1 0 1 0 0
1241 0 1 42 3 3 3 3 3 3 3 1
1242 0 1 49 1 1 1 2 1 1 1 1
1243 0 1 37 2 2 1 2 2 1 2 1
1244 0 1 40 2 2 3 2 2 2 2 1
1245 1 1 40 1 2 2 2 1 1 2 1
1247 1 1 32 0 0 0 1 0 0 0 1
1248 1 1 49 1 1 0 1 2 0 1 0
1249 0 1 45 1 1 1 1 0 0 1 1
1250 0 1 47 1 2 1 0 0 1 2 0
1251 0 1 35 3 1 2 1 1 1 1 1
1252 1 1 43 1 1 1 1 1 1 1 1
1253 1 1 38 0 0 0 0 0 0 0 0
1254 0 1 39 1 1 1 1 1 2 1 1
1255 0 1 43 3 2 2 1 2 1 1 1
1256 1 1 45 3 3 3 3 3 2 2 0
1257 0 1 42 1 0 1 0 0 0 0 0
1258 0 1 41 1 2 2 1 3 1 2 1
1259 0 1 38 3 2 2 2 2 2 2 1
1260 1 1 41 1 1 1 1 2 2 2 1
1261 1 1 36 1 1 1 2 2 1 1 0
1262 1 1 42 3 1 2 2 3 2 2 1
1263 1 1 43 3 3 3 3 1 2 0 1
1264 1 1 38 3 3 3 3 3 1 3 1
1265 1 1 42 3 3 3 3 2 1 2 1
1266 0 1 42 1 1 1 2 1 1 1 1
1267 0 1 33 0 0 0 0 0 0 0 0
1268 0 1 35 1 0 1 1 1 0 0 1
1269 1 1 49 3 3 3 3 3 2 3 0
1270 0 1 32 1 2 2 2 1 1 2 1
1271 1 1 47 3 3 3 3 3 3 3 1
1272 0 0 40 1 0 0 0 1 1 1 1
1273 0 1 38 1 2 1 1 2 0 1 1
1274 1 1 36 1 1 1 1 1 1 1 0
1275 1 1 49 1 1 2 2 2 1 2 1
1276 0 1 34 1 1 2 2 2 2 1 0
1277 1 1 40 3 3 3 3 2 3 3 1
1278 0 1 37 1 0 1 1 1 1 1 1
1279 1 1 35 0 1 1 1 1 1 1 1
1280 0 1 37 3 3 3 3 2 3 2 0
1281 1 0 32 1 1 0 0 0 1 1 1
1282 1 1 41 2 2 2 2 2 2 1 1
1283 1 1 39 2 3 3 3 3 3 3 0
1284 0 1 49 1 1 1 1 1 1 1 0
1285 1 1 48 2 2 2 2 2 2 2 1
1286 0 0 48 3 2 3 3 3 2 2 0
1287 1 1 36 3 3 3 3 3 3 3 0
1288 1 1 40 1 1 1 1 1 1 1 0
1289 0 1 35 0 2 2 2 2 1 2 1
1290 0 1 32 0 1 1 0 0 0 0 0
1291 0 0 32 0 1 1 1 2 1 2 0
1292 0 1 49 2 2 2 3 2 1 2 0
1293 0 1 32 1 1 1 1 1 0 1 0
1294 1 1 38 3 2 2 2 2 1 2 0
1295 0 1 37 1 1 1 1 1 1 1 1
1296 0 1 39 2 1 1 1 1 1 1 0
1297 0 1 45 1 1 2 3 2 1 1 0
1298 0 1 41 2 2 1 2 2 1 2 0
1299 1 1 39 2 2 1 1 1 3 2 0
1300 1 1 32 2 2 1 3 1 1 1 1
1301 1 0 32 0 0 0 0 0 3 0 0
1302 1 1 37 1 1 1 1 1 0 1 1
1303 0 1 43 1 1 1 1 1 1 1 1
1304 1 1 32 1 1 1 1 0 1 0 0
1306 0 1 40 3 3 3 2 3 2 2 0
1307 1 1 34 2 2 2 1 3 2 3 1
1308 0 1 49 2 2 3 2 3 1 3 0
1309 0 1 40 2 2 2 2 2 2 1 1
1310 1 1 33 2 2 2 1 2 1 1 1
1311 0 1 46 2 2 2 2 2 1 2 1
1313 0 1 39 2 1 1 1 2 1 2 0
1314 0 1 34 1 2 1 1 1 1 1 0
1315 0 1 40 0 0 0 0 0 0 0 0
1316 1 1 36 3 1 3 3 3 1 3 1
1317 0 1 35 1 0 2 1 1 0 1 0
1318 1 1 38 2 2 3 1 2 3 3 1
1319 1 1 41 1 1 1 1 1 1 1 1
1320 1 0 32 0 0 0 0 2 0 0 0
1321 0 1 38 1 1 1 1 1 1 2 0
1322 1 1 42 1 1 1 1 1 1 0 0
1323 1 1 43 2 1 2 1 2 1 1 0
1324 1 1 41 1 1 2 1 1 1 2 1
1325 1 1 40 1 1 1 1 1 1 1 0
1326 0 1 32 0 1 2 2 2 2 0 0
1327 1 1 40 1 1 1 1 1 1 1 1
1328 1 0 39 3 2 3 3 2 1 1 0
1329 1 1 45 1 1 2 1 1 1 0 1
1330 1 1 49 1 1 1 1 0 1 1 1
1331 1 1 46 3 3 3 3 3 3 3 1
1332 0 1 38 0 1 1 1 2 1 1 0
1334 0 1 46 3 2 3 3 3 2 3 1
1335 1 1 32 0 1 1 0 1 0 0 1
1338 1 0 49 1 2 0 1 2 0 2 1
1341 1 1 32 1 1 1 1 1 1 1 1
1342 0 1 38 0 1 2 1 0 1 0 1
1343 0 1 32 1 1 1 1 1 1 1 0
1344 0 1 40 2 1 2 1 2 1 1 1
1345 1 1 32 1 1 1 1 1 0 1 0
1346 0 1 48 1 1 3 1 1 0 2 1
1347 1 1 43 1 1 2 2 2 1 2 1
1348 1 1 43 1 1 2 1 1 1 2 1
1349 0 1 38 1 1 1 1 1 1 1 0
1350 1 1 40 3 3 0 0 0 0 0 1
1351 1 1 47 1 1 1 1 2 1 1 1
1352 0 1 32 1 1 1 1 1 1 1 0
1353 0 1 35 1 1 0 1 0 1 1 0
1354 0 1 38 0 0 0 0 0 0 0 0
1355 0 1 32 1 1 1 1 1 1 1 0
1356 1 1 42 1 1 3 2 3 2 3 1
1357 1 1 39 3 2 2 2 3 2 2 1
1358 0 1 35 2 2 2 2 2 2 2 1
1359 0 1 49 3 3 3 3 3 2 3 1
1360 0 1 41 3 3 2 1 2 0 1 0
1362 1 1 45 1 1 2 1 1 0 2 1
1363 0 1 42 3 2 2 3 1 3 2 1
1364 1 1 33 1 1 1 1 2 2 2 1
1365 0 1 35 1 1 2 2 1 2 1 0
1366 1 1 38 1 1 1 2 2 2 1 1
1367 0 0 44 0 0 0 0 0 1 0 0
1368 1 1 32 0 0 0 0 0 0 0 1
1369 1 1 34 2 2 3 3 3 2 2 1
1370 1 1 41 1 1 1 1 1 1 1 0
1371 1 1 48 2 2 2 1 1 1 1 1
1372 1 1 49 2 1 1 2 0 1 0 0
1373 0 1 43 1 2 2 3 2 3 2 0
1374 1 1 41 0 0 0 0 1 1 1 1
1375 1 1 39 2 3 1 2 1 1 1 0
1376 1 1 46 1 1 1 1 1 1 1 0
1377 1 1 38 3 2 1 1 2 1 1 0
1378 1 1 34 1 2 1 1 3 2 2 1
1379 1 0 32 0 1 2 1 0 0 0 0
1380 0 1 41 3 3 3 3 3 2 2 0
1381 0 1 34 0 1 1 0 1 1 1 1
1382 1 1 47 1 1 1 1 1 1 1 1
1383 1 1 43 2 2 1 2 1 0 1 1
1384 0 1 32 2 2 2 2 2 2 2 0
1385 0 1 48 3 3 3 3 3 2 3 0
1386 0 1 32 3 3 3 2 2 2 3 1
1387 1 1 38 1 2 2 2 1 2 1 1
1388 0 1 36 3 2 2 2 2 1 2 1
1389 1 1 40 1 1 1 2 2 2 2 1
1391 1 1 46 2 1 2 2 1 1 1 0
1392 1 1 35 1 1 1 1 1 1 1 1
1393 0 1 35 3 1 3 3 3 1 1 0
1394 1 0 32 1 1 1 0 2 1 0 1
1395 0 0 32 1 1 1 1 1 0 1 0
1396 0 1 35 1 2 1 1 3 1 2 0
1397 0 1 49 2 1 2 3 3 0 1 0
1398 1 1 35 3 0 3 3 3 1 1 0
1399 0 1 32 2 1 1 2 2 1 1 1
1400 1 1 41 1 1 2 1 1 1 1 1
1401 1 1 33 1 1 3 2 2 2 2 0
1402 0 1 39 2 2 2 3 1 3 2 1
1404 0 1 44 1 1 1 1 1 1 1 1
1405 0 1 46 3 2 2 2 1 2 1 0
1406 0 1 32 1 1 3 3 3 2 3 1
1407 0 1 39 1 1 1 1 1 1 1 0
1408 0 1 49 2 1 1 1 2 2 2 0
1409 1 1 36 3 2 2 2 3 2 3 1
1410 0 1 32 1 1 2 1 1 1 1 0
1411 0 1 39 0 0 0 0 0 0 0 0
1412 0 1 39 3 2 3 3 2 1 1 0
1413 0 1 38 1 2 3 1 2 0 1 0
1414 0 1 37 1 1 2 2 2 1 1 0
1415 1 1 39 3 3 3 3 3 2 2 1
1416 1 1 48 2 1 1 1 0 1 0 0
1417 0 1 37 2 1 1 1 1 2 1 0
1418 1 1 44 2 1 1 2 2 1 2 0
1419 0 1 39 2 2 2 2 2 2 2 1
1420 0 1 32 1 1 2 1 2 2 1 1
1421 1 1 49 1 2 3 2 3 1 2 1
1422 0 1 40 0 0 0 1 0 0 0 1
1423 1 1 49 0 0 0 1 1 0 1 1
1424 0 0 32 3 3 3 3 3 0 0 1
1425 0 1 34 3 2 3 3 2 2 3 0
1426 0 1 33 1 1 1 2 2 1 2 0
1427 0 1 37 3 3 2 2 3 1 2 0
1428 0 1 45 2 1 1 2 1 1 1 1
1429 1 0 32 0 0 0 0 0 0 0 1
1430 0 1 32 3 2 2 2 2 1 2 1
1431 1 1 34 1 2 2 1 1 2 1 1
1432 1 1 44 1 2 0 1 0 1 2 0
1433 1 1 39 1 1 1 1 1 1 1 1
1434 1 1 32 1 3 1 1 0 1 0 0
1435 0 1 44 1 1 3 3 2 1 2 0
1436 0 1 34 1 1 1 1 2 1 1 1
1437 1 1 49 1 1 1 1 3 1 1 0
1438 0 1 32 1 1 2 2 1 2 1 1
1439 0 1 37 3 2 1 1 1 0 1 1
1440 1 1 45 2 1 1 2 2 1 1 1
1441 0 1 32 1 1 2 2 1 1 1 1
1442 0 1 39 1 2 2 2 1 1 2 0
1443 0 1 33 0 0 0 1 0 0 0 0
1444 0 1 42 2 2 2 2 2 2 2 0
1445 1 1 39 1 1 1 0 0 0 0 1
1446 1 1 40 1 1 2 2 2 2 2 0
1447 1 0 38 1 1 1 1 1 1 1 1
1448 1 1 49 1 1 1 1 2 2 1 1
1449 0 1 42 3 3 3 1 2 3 3 1
1450 0 1 49 1 1 2 1 1 2 1 0
1451 0 1 49 2 1 1 1 0 1 0 1
1452 0 1 38 0 1 0 1 0 0 1 0
1453 0 1 32 1 1 2 2 2 1 0 1
1454 1 1 38 2 2 2 2 1 2 2 1
1455 1 1 39 0 1 1 1 1 0 0 1
1457 1 1 44 1 1 2 1 2 0 0 0
1458 1 1 48 2 2 3 2 3 3 3 0
1459 1 1 35 2 2 3 3 3 2 3 0
1460 1 1 35 1 1 2 2 1 0 1 0
1461 1 1 48 2 1 1 1 1 1 2 1
1462 1 1 37 3 3 3 3 3 2 3 1
1463 1 1 38 1 0 0 1 0 0 0 1
1464 0 1 32 1 0 2 0 1 0 1 1
1465 0 1 37 1 1 3 2 0 0 1 1
1466 0 1 44 1 2 1 1 1 1 1 0
1468 0 1 44 1 1 1 2 1 1 2 0
1469 1 1 38 1 1 1 1 1 1 1 0
1470 0 1 39 2 2 2 2 2 2 2 0
1471 1 1 36 3 2 3 2 2 1 2 1
1472 0 1 36 2 3 2 1 1 1 2 1
1473 0 1 37 2 2 3 3 2 1 3 0
1474 0 1 36 3 3 3 2 1 1 1 1
1475 1 1 37 1 1 2 1 2 1 2 1
1476 1 1 32 2 2 1 2 1 1 2 0
1477 0 1 34 1 1 1 2 2 1 2 0
1480 0 1 32 0 0 0 0 0 0 0 0
1481 1 1 40 2 3 3 3 3 3 3 1
1482 1 1 41 1 2 2 1 2 1 2 1
1483 1 1 35 2 1 1 1 1 1 1 0
1484 1 1 47 1 1 1 1 0 1 1 0
1485 1 1 46 2 2 3 3 3 1 1 0
1486 1 1 34 3 2 3 2 2 1 3 0
1487 1 1 44 1 2 2 2 1 1 1 1
1488 1 1 32 1 0 1 1 0 0 0 1
1489 0 0 43 1 0 1 1 2 1 1 1
1490 1 1 37 1 1 2 2 2 2 1 0
1491 0 1 41 1 2 2 1 2 2 3 0
1492 0 1 45 2 1 2 3 3 3 3 0
1493 1 1 39 1 2 1 1 1 1 2 1
1494 0 1 32 0 1 1 1 0 0 1 1
1495 1 1 32 2 2 2 2 3 2 2 1
1496 1 1 42 1 1 1 0 1 1 0 1
1497 0 1 37 2 1 2 2 3 1 2 1
1498 1 1 35 1 2 3 3 3 2 1 0
1499 0 1 34 3 2 2 2 2 2 2 0
1500 1 1 45 0 0 0 0 0 0 1 1
1501 1 1 41 0 0 0 0 0 0 1 0
1502 0 0 32 1 1 0 1 1 0 0 0
1503 0 1 49 1 1 2 2 1 1 1 0
1504 0 0 49 1 1 1 1 1 1 1 0
1505 0 1 38 2 2 3 3 3 1 2 1
1506 0 1 38 1 0 0 0 0 0 0 0
1507 0 1 43 1 0 0 1 0 1 0 0
1508 0 1 42 1 1 1 1 1 1 1 0
1509 0 1 40 1 1 1 1 1 0 1 1
1510 0 0 41 1 1 1 1 2 2 1 1
1511 1 1 44 2 2 2 3 3 0 0 0
1512 0 1 38 1 2 2 3 1 2 2 0
1513 0 0 44 2 2 2 2 1 1 1 0
1514 0 1 32 0 2 2 1 1 1 1 1
1515 1 1 42 1 1 0 0 1 0 1 0
1516 0 1 40 1 1 1 1 3 1 1 1
1517 0 1 43 1 1 1 1 1 1 1 0
1518 0 1 41 0 1 1 0 1 1 0 0
1519 1 1 48 1 1 3 1 1 2 2 0
1520 1 0 46 1 1 1 1 1 1 1 1
1521 1 1 49 1 1 1 1 1 2 2 1
1522 0 0 32 1 1 1 1 2 1 1 0
1523 1 1 40 3 3 3 3 3 2 2 0
1524 0 0 32 2 1 3 2 0 1 2 1
1525 0 1 45 2 3 3 3 3 2 2 0
1526 1 1 47 3 2 3 2 3 3 3 1
1527 1 1 48 2 2 3 1 3 1 3 1
1528 1 1 42 2 3 3 2 2 3 2 1
1529 0 1 35 1 0 1 2 3 2 2 0
1530 1 1 38 1 1 2 1 0 1 2 1
1531 0 0 49 0 0 0 0 0 0 0 1
1532 1 0 34 2 3 3 2 0 0 0 0
1533 0 1 34 1 0 2 0 1 0 1 0
1534 0 1 34 2 2 3 2 3 2 2 0
1535 1 1 32 0 0 0 1 1 0 0 0
1536 0 1 37 2 2 2 2 2 1 2 0
1537 1 1 44 3 3 3 2 2 0 2 1
1538 0 1 46 1 1 1 1 1 1 1 0
1539 0 1 49 1 0 0 1 0 0 0 1
1540 0 1 43 1 1 2 2 1 1 1 0
1541 1 1 42 1 1 1 1 2 2 2 0
1542 0 1 47 0 1 1 1 0 2 1 1
1543 0 1 42 2 2 2 1 2 1 2 1
1544 0 1 37 1 0 0 1 1 0 0 0
1545 1 1 38 1 1 1 1 1 1 2 0
1546 1 1 46 1 2 2 1 2 1 2 1
1547 0 1 43 2 2 3 1 3 1 2 0
1548 0 1 39 1 1 1 1 1 0 1 0
1549 0 1 39 0 0 0 0 0 0 1 1
1550 0 1 32 3 3 3 3 3 3 3 1
1551 0 1 35 3 3 3 3 3 3 1 1
1552 0 1 48 2 2 3 2 2 3 2 1
1553 1 1 42 3 3 3 3 3 1 3 0
1554 0 1 34 2 2 2 3 3 2 2 0
1555 1 1 40 0 1 1 1 1 0 1 1
1556 1 1 32 0 3 3 3 3 3 3 0
1557 1 1 38 2 2 2 2 1 1 1 1
1558 0 1 44 1 2 1 1 0 1 0 1
1559 1 1 49 1 1 1 1 2 1 1 1
1560 1 1 46 1 2 2 2 2 2 2 1
1562 1 1 32 1 1 1 1 1 1 0 1
1563 0 1 36 0 0 0 0 0 0 0 1
1564 1 1 39 1 1 1 2 2 1 2 1
1565 1 1 47 3 3 3 3 3 3 3 0
1566 0 0 32 0 0 1 2 0 0 0 1
1567 1 1 38 1 1 1 1 1 1 1 0
1568 1 1 49 1 1 1 1 1 0 1 1
1569 0 1 41 1 1 1 1 0 1 0 1
1570 1 1 36 2 2 2 2 1 1 1 0
1571 0 1 40 2 2 2 3 2 2 1 0
1572 0 1 37 1 3 3 2 2 2 2 0
1573 0 1 38 0 0 0 1 1 0 0 1
1574 1 1 46 3 1 2 2 2 1 1 1
1575 1 1 33 1 1 1 1 1 1 1 0
1576 0 1 36 2 1 2 2 1 1 1 1
1577 0 1 32 2 2 1 2 0 0 0 1
1578 0 1 33 2 2 3 2 2 2 1 1
1579 1 0 32 1 0 0 2 1 3 0 0
1580 1 1 49 2 2 1 2 1 2 1 0
1581 0 1 44 1 1 1 1 1 1 2 1
1582 1 1 40 1 1 1 1 0 1 0 0
1584 1 1 36 1 1 1 1 1 1 1 0
1585 1 1 37 3 2 2 2 2 3 2 0
1586 0 1 41 0 0 1 1 1 1 1 1
1587 1 1 32 2 1 3 3 3 1 1 0
1588 1 1 42 1 1 1 2 1 0 0 1
1589 0 1 40 1 1 1 1 1 1 1 1
1590 1 1 35 3 3 2 3 3 2 2 1
1591 1 1 37 2 2 3 3 3 2 2 1
1592 0 1 36 1 1 3 2 3 1 2 0
1593 1 1 39 0 0 0 0 0 0 0 0
1594 0 1 37 1 2 2 2 1 1 1 1
1595 0 0 48 1 1 1 1 2 1 1 1
1597 0 1 32 0 0 0 0 0 0 0 1
1598 1 1 40 1 2 2 2 2 2 2 1
1599 0 1 32 3 3 2 3 3 3 3 0
1600 0 1 46 1 0 1 1 1 0 1 0
1601 0 1 43 3 3 3 3 3 3 3 1
1602 1 1 37 3 2 2 2 2 2 2 0
1603 0 0 42 3 2 3 3 3 2 2 0
1604 1 0 36 0 0 0 0 1 1 1 1
1605 0 1 45 2 2 2 2 2 3 3 0
1607 0 1 45 1 1 1 1 1 0 1 0
1608 0 1 43 2 3 1 1 1 1 1 0
1609 1 1 39 3 2 2 1 1 1 1 1
1610 0 1 40 3 3 3 3 3 3 3 1
1611 0 1 40 1 1 1 1 1 0 1 1
1612 0 1 32 1 1 0 1 0 0 1 0
1613 0 1 32 1 1 1 1 1 1 1 1
1614 1 1 40 0 0 0 1 0 1 1 0
1615 0 1 44 1 1 3 2 1 2 2 0
1616 1 1 42 0 1 1 1 0 1 0 0
1617 0 1 33 3 3 3 2 2 1 2 0
1618 1 1 39 3 3 3 3 3 3 3 0
1619 1 1 35 0 0 0 0 1 0 0 0
1620 1 1 42 1 1 1 1 1 1 0 1
1621 1 1 49 3 3 3 3 3 2 3 1
1622 0 1 36 3 1 1 1 1 1 1 0
1623 1 1 36 1 1 0 1 3 0 1 0
1624 1 1 32 1 1 0 2 1 0 1 0
1625 1 1 41 3 3 3 2 2 1 2 1
1626 1 1 45 3 1 3 1 1 0 1 1
1627 1 1 43 1 1 2 2 2 0 2 1
1628 0 1 35 2 3 2 2 3 3 2 1
1629 1 1 46 2 2 2 2 2 2 2 0
1630 0 1 44 1 2 2 3 2 1 1 1
1631 1 1 37 2 2 3 1 1 2 2 1
1632 1 1 32 1 1 1 1 1 1 1 1
1633 1 1 32 1 1 1 1 2 1 2 1
1634 1 1 47 1 2 3 3 3 1 2 1
1635 0 0 43 2 1 2 2 1 2 2 0
1636 0 1 44 3 2 2 2 3 2 3 1
1637 0 1 49 2 1 2 2 2 1 2 1
1638 0 0 45 1 1 1 1 1 0 1 1
1639 1 1 41 2 2 2 3 3 2 2 0
1640 0 1 48 1 1 1 1 1 1 1 1
1641 1 1 36 1 1 1 1 2 2 1 1
1642 0 1 41 2 1 1 1 3 0 3 0
1643 1 1 49 1 0 0 0 0 0 0 1
1644 1 1 42 3 3 2 1 2 3 2 1
1645 1 1 38 2 2 2 3 3 2 2 1
1646 1 1 33 1 1 2 1 1 2 2 0
1647 0 1 47 1 2 3 2 2 2 1 0
1648 1 1 40 2 1 1 1 1 1 1 0
1649 0 1 39 1 2 2 2 3 1 2 0
1650 0 0 48 3 3 3 3 3 3 3 0
1651 0 1 38 0 1 1 1 0 1 2 0
1652 0 1 48 1 2 2 1 1 2 1 1
1653 1 1 45 3 3 3 3 3 2 2 1
1654 0 1 40 1 1 1 1 1 1 1 0
1655 1 1 41 0 1 1 1 0 0 0 1
1656 1 1 44 3 2 2 2 3 1 3 1
1657 0 1 35 2 2 2 2 2 2 2 1
1658 1 1 39 1 1 1 1 1 1 1 1
1659 0 1 43 2 2 2 2 2 2 2 1
1660 1 1 49 3 3 3 3 3 3 3 1
1661 0 1 46 2 1 1 1 1 2 2 1
1662 0 1 36 2 2 2 2 2 1 2 0
1663 1 1 39 2 2 2 2 2 1 2 0
1664 1 1 34 1 1 1 0 1 1 1 1
1665 1 1 49 0 1 0 0 0 0 1 0
1666 0 0 37 0 1 1 0 0 0 0 0
1667 0 1 36 1 1 1 1 1 1 1 0
1668 1 1 32 1 0 1 1 1 2 1 0
1669 0 1 36 1 2 2 2 1 1 1 1
1670 1 1 44 1 1 1 1 1 1 1 0
1671 1 1 45 2 2 2 2 1 1 2 1
1672 0 1 37 1 1 1 1 1 1 1 0
1673 0 1 33 1 0 0 0 1 0 0 0
1674 1 1 41 3 1 2 1 2 1 1 1
1675 1 0 42 3 1 2 3 2 1 1 0
1676 1 0 32 0 1 1 0 0 2 0 1
1677 1 1 32 3 2 3 3 2 1 1 0
1679 1 1 40 1 0 0 0 0 0 0 0
1680 0 1 34 0 1 1 1 1 0 1 1
1681 0 1 43 0 1 0 1 0 0 1 1
1682 0 1 35 1 1 1 1 1 1 1 0
1683 0 1 38 1 1 1 2 2 1 3 0
1684 1 1 43 2 2 2 2 2 2 2 0
1685 1 1 35 1 2 1 1 1 1 0 0
1686 1 1 43 3 3 3 3 3 3 3 0
1687 0 1 46 1 1 1 1 1 1 1 1
1688 1 1 37 1 3 1 0 0 1 1 0
1689 1 1 41 3 2 2 1 1 1 1 0
1690 0 1 43 2 3 3 2 2 1 2 0
1691 0 1 42 1 1 2 1 0 1 1 0
1692 0 1 32 2 2 2 1 2 1 1 1
1693 1 1 45 1 1 1 2 1 1 2 0
1694 1 1 39 3 3 3 3 3 3 3 1
1695 0 1 33 1 2 2 2 1 1 1 0
1696 0 1 34 1 1 1 1 1 1 1 0
1697 0 1 40 1 0 1 0 0 1 0 1
1698 1 1 32 0 1 0 1 1 1 1 0
1699 0 1 40 1 1 1 1 1 1 2 1
1700 0 0 44 1 1 1 1 1 1 1 0
1701 0 1 33 1 0 1 1 1 0 0 0
1702 1 1 42 2 1 1 1 2 2 1 0
1703 0 1 32 3 3 2 2 2 1 2 1
1704 1 1 33 0 1 2 3 0 1 0 1
1705 1 1 40 2 2 3 2 3 2 2 1
1706 1 1 49 2 2 3 2 3 3 3 1
1707 1 1 39 0 0 0 1 1 0 1 1
1708 0 0 49 1 1 3 0 0 0 0 1
1709 1 1 49 2 3 3 2 1 1 2 1
1710 0 1 44 1 1 1 1 2 1 1 0
1711 0 1 34 1 1 1 1 1 1 1 1
1712 1 1 36 1 1 1 1 1 1 0 0
1713 1 1 49 2 2 2 3 3 1 2 0
1714 0 1 32 1 1 0 2 1 0 1 0
1715 0 1 48 1 1 2 1 2 1 3 0
1716 0 1 44 0 1 1 1 1 3 3 1
1717 0 1 39 0 2 0 0 0 0 0 1
1718 1 1 36 3 2 2 3 3 2 3 1
1719 0 1 34 3 3 3 3 3 2 3 1
1720 1 1 45 1 1 1 1 1 1 1 1
1721 1 1 40 1 1 2 2 2 1 2 1
1722 1 1 43 2 1 2 2 3 1 3 1
1723 1 1 40 0 0 0 0 0 0 0 1
1724 1 1 39 1 1 1 2 2 1 1 0
1725 1 1 41 2 1 2 2 3 1 3 0
1726 0 1 42 2 2 3 3 3 2 2 1
1727 1 1 49 2 1 2 1 1 1 1 0
1728 1 1 42 0 0 1 1 1 1 1 1
1729 1 1 42 1 0 0 1 0 0 1 1
1730 1 1 38 2 2 3 3 3 2 2 0
1731 0 1 46 2 1 2 2 2 3 3 1
1732 1 1 48 3 1 3 3 3 3 3 0
1733 1 1 44 3 2 3 2 2 1 3 1
1734 1 0 41 0 0 0 0 0 0 0 0
1735 1 1 49 2 2 2 2 1 1 1 1
1736 0 1 38 3 1 3 3 3 2 3 0
1737 1 1 35 3 2 3 3 3 2 2 0
1738 0 1 32 1 0 0 1 0 0 1 0
1739 0 1 37 2 2 2 2 3 1 1 1
1740 1 1 39 1 1 0 1 1 0 1 0
1741 1 1 36 0 0 0 0 0 0 0 1
1742 1 1 37 1 2 2 2 2 1 1 0
1743 1 1 36 2 1 1 1 1 0 1 0
1744 1 1 37 2 3 2 2 2 1 2 1
1745 0 1 43 1 1 1 1 1 1 1 0
1746 0 1 34 1 2 1 1 1 1 2 0
1747 1 1 46 1 2 2 2 0 2 2 0
1748 0 1 44 3 2 2 2 2 2 2 1
1749 1 1 38 2 2 1 1 1 1 1 0
1750 0 1 33 1 1 1 1 1 1 1 1
1751 1 1 43 3 3 3 3 3 3 3 1
1752 1 1 32 0 0 0 0 0 1 1 0
1753 0 1 40 0 1 1 0 0 0 0 1
1754 1 1 37 1 1 2 1 1 2 2 1
1755 0 1 38 0 1 1 1 0 1 0 1
1756 1 1 49 2 2 1 2 2 1 1 0
1757 0 1 39 2 2 2 2 2 1 1 0
1758 1 1 40 1 1 2 1 3 1 1 0
1759 0 1 37 1 1 2 0 1 1 1 1
1760 1 1 39 1 2 2 2 2 2 2 0
1761 0 1 42 2 2 2 2 3 3 3 0
1762 1 1 33 3 1 2 1 2 0 2 1
1763 0 1 49 2 1 1 1 1 0 0 1
1764 1 1 38 1 0 0 1 0 0 0 0
1765 1 1 46 3 3 3 2 2 2 2 1
1766 1 1 44 3 3 3 1 1 1 1 0
1767 1 1 43 3 3 3 3 3 3 2 1
1768 0 1 47 3 2 3 3 3 1 3 1
1769 1 1 42 3 1 1 1 1 1 2 1
1770 0 1 42 1 1 1 1 0 0 2 0
1771 0 1 40 1 1 1 1 1 0 0 0
1772 1 1 34 2 1 1 1 1 1 1 0
1773 0 1 37 1 1 2 2 1 1 2 0
1774 0 1 49 2 2 1 1 0 0 1 0
1775 0 1 39 0 0 0 0 0 1 0 0
1776 1 1 32 0 1 1 1 0 2 1 1
1777 0 1 38 3 2 1 1 3 2 1 0
1778 0 1 46 1 1 1 1 1 2 1 0
1779 1 1 43 2 1 1 2 2 1 1 0
1780 0 1 33 3 3 3 3 2 2 2 0
1781 0 0 44 1 1 1 1 1 1 1 1
1782 1 1 41 0 0 0 0 0 0 0 0
1783 1 1 37 1 2 1 1 1 1 1 1
1784 1 1 32 1 1 0 1 1 0 0 0
1785 1 1 32 3 3 2 1 1 1 1 1
1786 1 1 38 2 1 2 2 2 1 1 1
1787 1 1 40 1 2 2 1 3 1 1 1
1788 1 1 40 2 2 2 2 2 2 2 1
1789 1 1 35 1 1 1 2 2 1 1 1
1790 0 1 33 2 2 2 2 2 2 2 1
1791 0 0 34 1 2 2 1 1 1 2 1
1792 0 1 41 0 0 1 0 0 1 1 0
1793 1 1 38 1 1 2 1 2 1 1 1
1794 0 1 39 2 2 2 2 2 2 2 1
1795 1 1 38 1 1 1 1 1 1 0 0
1796 0 1 49 2 2 2 2 2 1 1 0
1797 0 1 39 1 1 2 2 2 1 2 1
1798 1 1 39 1 2 2 2 2 1 2 1
1799 0 1 32 1 1 2 1 1 1 1 1
1800 0 1 49 0 1 2 0 1 1 3 1
1801 0 0 46 2 1 2 2 2 1 1 1
1802 1 1 49 2 1 2 2 2 0 1 0
1803 0 1 46 1 1 1 1 2 2 1 0
1804 1 1 49 0 0 0 1 1 1 2 1
1805 1 1 39 1 1 1 2 1 1 2 0
1806 0 1 36 1 1 2 2 2 1 0 0
1807 1 1 38 3 3 3 3 3 3 2 0
1809 1 1 32 2 0 0 0 0 0 0 1
1810 1 1 39 3 3 3 2 2 1 1 1
1811 0 1 37 3 2 3 3 3 2 2 1
1812 1 1 42 2 0 0 2 0 2 2 1
1813 1 0 38 1 2 1 3 2 3 1 0
1814 1 0 46 2 1 1 1 2 2 1 0
1815 1 1 40 1 1 0 1 0 0 1 1
1816 1 1 49 0 1 1 1 1 2 3 0
1817 1 1 49 1 1 1 1 0 2 1 0
1818 0 1 41 3 0 0 1 0 0 0 0
1820 0 0 44 1 1 1 1 0 0 0 0
1821 0 1 36 0 0 1 0 0 0 0 0
1822 0 1 49 2 2 2 2 2 2 2 1
1823 0 1 49 1 2 1 2 2 1 0 1
1824 0 1 44 1 1 1 2 2 2 2 1
1825 1 1 47 0 1 1 1 0 0 0 0
1826 1 1 49 1 1 2 1 0 3 2 0
1827 1 1 41 3 3 3 3 3 2 3 1
1828 0 1 32 0 1 0 1 1 0 1 0
1829 0 1 35 3 3 3 3 3 3 3 0
1830 1 1 49 3 3 3 3 2 1 3 1
1831 0 1 48 3 3 3 3 2 2 2 0
1832 1 1 44 1 0 1 1 2 0 0 1
1833 1 1 44 2 1 1 2 2 0 1 0
1834 1 1 49 2 1 2 2 1 1 1 0
1835 1 0 38 2 2 2 1 2 2 1 0
1836 0 1 49 2 2 3 3 3 1 1 0
1837 0 1 47 2 2 3 2 2 1 2 0
1838 1 1 38 3 3 2 3 2 3 2 1
1839 1 1 36 1 1 2 2 2 1 2 0
1840 0 1 41 2 2 2 2 2 2 2 1
1841 1 1 38 2 3 3 3 3 2 2 1
1842 0 1 34 2 2 3 2 2 2 3 0
1843 0 1 49 3 3 3 3 3 3 3 1
1844 0 1 46 3 3 2 1 2 3 3 1
1845 1 1 39 2 2 2 3 3 1 2 1
1846 0 0 32 3 0 0 0 0 0 0 1
1847 1 1 37 1 1 2 2 1 1 1 1
1848 0 1 40 2 3 3 2 2 2 2 1
1849 0 1 37 0 1 2 1 1 1 2 0
1850 0 1 43 3 2 3 3 2 2 2 0
1851 1 1 43 1 1 1 2 2 2 1 0
1852 1 1 49 3 3 3 3 3 3 3 1
1853 0 1 44 1 1 1 1 1 1 1 1
1854 0 1 42 1 0 1 1 1 0 1 0
1855 0 1 42 2 1 1 1 1 1 1 1
1856 0 1 44 2 2 2 2 2 2 2 0
1857 1 1 48 2 2 2 2 2 2 2 1
1858 0 1 47 2 2 2 3 3 2 2 0
1859 1 1 32 2 3 3 3 3 2 2 1
1860 0 1 49 2 1 2 2 2 1 0 1
1861 1 1 38 1 1 1 1 1 1 1 0
1862 0 1 40 1 1 1 1 1 1 2 0
1863 1 1 37 1 2 2 2 2 2 2 0
1864 1 0 49 0 0 0 1 0 1 0 0
1865 1 1 40 3 3 3 2 2 2 3 1
1866 0 1 32 0 0 0 1 1 0 0 1
1867 1 1 39 3 2 3 1 3 1 3 0
1868 1 1 32 1 1 0 1 0 0 0 0
1869 0 1 39 3 2 1 1 1 1 1 1
1870 1 1 42 1 1 1 1 1 1 1 0
1871 1 1 39 1 1 0 1 1 0 0 1
1872 0 1 49 0 0 1 1 0 0 0 1
1874 0 1 40 2 1 2 2 2 0 1 1
1875 1 1 41 1 1 3 1 3 1 1 0
1876 1 1 41 3 2 2 2 3 2 2 1
1877 1 1 37 0 1 1 0 0 0 0 1
1878 0 0 40 1 0 1 1 1 0 0 0
1879 1 1 49 0 0 0 0 0 0 0 1
1880 1 1 41 3 2 3 3 2 3 3 0
1881 0 0 49 0 1 1 1 1 1 2 1
1882 0 1 44 2 2 3 3 3 3 3 0
1883 0 1 37 1 1 1 1 1 1 1 1
1884 0 1 39 3 3 3 3 3 2 3 0
1885 0 1 46 1 1 1 1 1 0 2 1
1886 0 1 42 2 2 2 1 1 2 2 1
1887 0 1 38 0 1 0 0 0 0 0 0
1888 1 1 42 2 2 2 1 2 1 2 1
1889 0 1 38 3 2 3 3 3 3 3 1
1890 0 1 39 2 2 3 2 3 1 1 0
1891 1 1 49 1 1 1 1 1 0 1 1
1892 1 1 45 3 1 2 2 1 2 3 0
1893 1 1 41 2 1 1 1 1 0 1 1
1894 0 1 49 2 3 2 2 2 2 2 1
1895 1 1 49 0 0 0 0 0 0 0 0
1896 1 1 43 3 3 3 3 3 3 3 0
1897 1 1 32 1 1 1 1 1 0 1 0
1898 0 1 38 1 1 1 1 2 1 1 1
1899 1 1 37 3 2 2 2 1 1 1 1
1900 0 1 39 1 1 1 2 1 1 2 0
1901 1 1 49 3 3 3 3 3 3 3 1
1902 0 1 44 1 0 1 1 0 1 1 1
1903 1 1 49 1 1 2 1 1 1 2 1
1904 1 1 41 1 1 1 1 1 1 1 1
1905 0 1 33 2 1 2 3 1 1 2 0
1906 1 1 38 1 2 3 2 2 1 2 0
1907 0 1 36 2 3 1 0 0 2 2 1
1908 0 1 40 1 1 1 1 1 1 1 0
1909 1 1 44 2 2 2 2 2 2 2 0
1910 1 1 38 1 1 2 1 1 1 1 0
1911 1 1 49 2 2 2 2 2 2 2 1
1912 0 1 35 2 2 2 2 2 1 1 1
1913 0 1 49 3 3 3 3 1 3 3 1
1914 1 0 49 1 1 1 1 1 1 1 0
1915 1 1 49 2 2 3 2 3 3 3 0
1916 1 1 39 1 1 1 1 0 1 1 1
1917 0 1 45 1 1 1 1 1 0 1 0
1918 1 1 46 1 2 2 2 1 1 1 0
1919 0 1 32 3 2 2 2 2 2 2 0
1920 0 1 34 3 2 3 3 3 1 2 1
1921 0 0 32 0 0 0 0 1 1 1 0
1922 0 1 38 1 1 1 1 1 1 1 1
1923 0 1 42 0 1 1 1 0 0 0 0
1924 1 1 49 1 1 1 1 2 1 1 0
1925 1 1 40 1 0 1 1 0 0 0 0
1926 1 1 38 3 3 3 3 3 2 2 1
1927 1 1 32 2 2 2 2 1 1 1 0
1928 0 0 37 0 1 1 1 1 0 0 0
1929 1 1 35 2 2 2 2 2 1 1 0
1930 0 1 39 1 1 1 1 1 0 1 1
1931 1 1 37 1 2 3 1 1 0 0 1
1932 1 1 43 0 0 1 0 0 0 0 1
1933 1 1 44 3 3 3 2 3 2 2 0
1934 0 1 37 2 3 1 1 2 1 1 0
1935 1 1 32 1 1 1 1 1 0 0 1
1936 0 1 43 0 0 1 1 0 0 1 1
1937 1 1 35 0 0 0 1 1 0 1 0
1938 1 1 45 2 1 0 1 2 0 1 0
1939 1 1 46 1 1 2 2 1 1 2 0
1940 0 1 37 1 0 1 1 1 1 0 1
1941 0 1 44 2 2 2 2 2 2 2 0
1942 1 1 32 0 0 0 1 0 0 1 1
1943 1 1 39 2 1 1 1 2 1 1 0
1944 0 1 46 1 1 1 1 0 1 1 0
1945 1 1 35 3 3 2 2 2 2 2 0
1946 0 1 45 0 1 1 1 1 1 1 0
1947 0 1 45 1 2 1 1 2 1 3 0
1948 0 1 34 2 2 2 1 1 2 0 0
1949 0 1 48 3 1 3 2 1 2 2 1
1950 0 1 49 2 2 2 2 2 2 2 0
1951 1 1 40 1 0 1 1 0 0 0 0
1952 0 1 33 2 2 2 1 1 1 2 0
1953 1 1 32 1 0 0 1 1 0 0 0
1954 0 1 49 2 2 2 2 2 2 2 1
1955 1 1 41 2 3 3 3 3 1 3 0
1956 1 1 41 3 3 3 3 3 3 3 1
1957 0 1 38 1 1 1 1 1 1 1 0
1958 0 1 47 1 1 1 1 1 1 1 0
1959 1 1 36 2 2 3 3 3 2 3 1
1960 0 1 38 2 2 3 2 2 3 2 0
1961 0 1 39 1 0 1 1 1 0 1 0
1962 0 1 44 2 1 1 1 1 1 2 1
1963 1 1 32 1 0 2 0 1 1 0 0
1964 1 1 32 1 1 2 1 1 2 0 1
1965 0 1 45 0 0 0 0 0 0 0 0
1966 0 1 38 1 2 1 1 1 1 1 1
1967 0 1 47 1 1 2 1 1 1 0 0
1968 0 1 37 1 1 1 1 1 1 1 1
1969 1 1 39 1 1 1 1 1 1 1 0
1970 1 1 47 1 1 2 2 1 1 2 0
1971 1 1 38 3 3 3 3 2 1 2 0
1972 1 1 39 3 3 3 3 3 2 3 0
1973 0 1 38 2 2 3 3 3 1 2 1
1974 0 1 37 1 1 1 1 1 1 2 1
1975 1 1 35 0 0 2 2 2 2 2 0
1976 0 1 36 3 3 3 3 2 2 2 0
1977 0 1 48 2 2 2 2 2 1 2 0
1978 0 1 43 3 2 2 2 1 2 1 1
1979 0 1 44 3 3 3 3 3 3 3 1
1980 1 1 38 1 1 1 1 1 1 1 0
1981 1 1 46 2 1 1 1 1 0 0 0
1982 0 1 39 1 1 1 1 1 1 1 0
1983 1 1 49 1 1 1 2 2 1 2 0
1984 0 1 34 3 3 3 3 3 2 3 1
1985 1 1 36 2 1 1 1 1 2 1 0
1986 1 1 46 1 1 1 1 1 1 1 1
1987 1 1 49 1 1 0 1 2 1 1 0
1988 1 1 32 1 3 3 2 0 1 3 0
1989 0 1 38 1 1 2 2 2 1 2 0
1990 1 1 34 3 3 3 3 3 1 3 1
1991 1 1 40 1 1 1 1 1 0 1 0
1992 1 1 49 1 0 1 1 0 0 0 1
1994 0 1 44 2 3 3 3 2 1 2 0
1995 1 1 49 2 2 2 3 2 1 1 1
1996 0 1 38 1 1 2 2 2 1 2 0
1997 0 1 42 2 1 1 1 1 1 1 0
1998 1 1 39 0 0 0 0 0 0 0 1
1999 1 1 33 1 0 0 1 1 0 1 1
2000 0 1 32 0 0 1 1 1 1 0 1
2001 0 1 33 0 0 0 0 0 0 0 1
2002 1 1 49 3 1 3 2 2 1 2 1
2003 1 1 38 3 3 2 0 3 1 0 0
2004 1 1 44 2 1 1 2 1 2 0 1
2005 0 1 42 0 1 1 1 1 1 1 0
2006 0 0 49 1 1 1 1 1 1 1 0
2007 1 1 49 1 2 3 3 3 3 2 1
2008 1 1 36 1 1 1 1 1 1 1 0
2009 1 1 38 1 1 1 2 2 1 1 0
2010 1 1 46 3 2 2 2 2 2 2 0
2011 0 1 49 1 1 1 1 1 1 1 1
2012 0 1 47 1 0 0 0 0 0 0 0
2013 1 1 36 3 1 1 1 1 1 1 1
2014 1 0 32 0 1 0 2 1 0 0 0
2015 1 1 39 1 1 0 1 2 2 0 0
2016 0 1 49 2 1 1 1 1 1 1 1
2017 0 1 43 3 3 3 3 3 3 3 0
2018 0 1 32 1 2 2 1 1 1 1 0
2019 1 0 32 1 0 1 0 0 1 1 0
2020 0 1 45 1 1 1 2 1 1 2 0
2021 0 1 32 1 2 2 1 1 2 0 1
2022 0 1 41 2 2 2 2 2 2 2 0
2023 1 1 32 0 1 0 1 1 1 0 1
2024 1 1 37 1 1 1 1 1 0 0 1
2025 0 1 49 1 1 1 1 1 1 1 1
2026 0 1 34 1 1 1 1 1 1 1 1
2027 0 1 45 1 2 2 1 1 1 1 1
2028 1 1 40 2 1 3 2 2 1 1 1
2029 0 1 45 2 1 2 1 2 1 3 1
2030 0 1 37 1 1 1 1 1 1 1 1
2031 1 1 43 1 1 1 1 1 0 1 1
2032 1 1 35 2 2 1 1 1 1 1 0
2033 0 1 43 0 0 0 2 1 1 1 1
2034 0 1 39 3 3 3 0 3 0 1 0
2035 1 1 32 0 0 1 0 0 1 0 0
2036 1 1 39 2 2 2 2 2 2 2 1
2037 0 0 43 1 1 0 0 1 0 0 1
2038 0 1 40 1 2 1 1 1 1 1 1
2039 1 1 49 0 0 0 1 1 1 0 0
2040 0 1 34 0 0 0 0 1 0 0 0
2041 0 1 38 1 1 1 0 0 0 0 1
2042 0 1 36 1 1 2 2 1 1 1 0
2043 1 1 34 0 1 2 3 2 0 2 0
2044 0 1 37 1 1 1 1 1 1 0 0
2045 1 0 49 0 0 0 0 0 0 0 0
2046 0 1 34 1 2 3 3 3 1 3 1
2047 0 1 37 0 0 0 0 0 0 0 0
2048 1 1 44 1 1 1 1 2 1 1 1
2049 0 1 32 1 0 1 0 0 0 0 0
2050 0 0 32 2 2 2 1 3 1 1 1
2051 1 1 32 0 1 2 2 3 1 2 0
2052 1 1 43 1 1 1 1 1 1 2 1
2053 1 1 40 3 3 3 3 3 3 3 0
2054 0 1 35 1 1 1 1 1 1 1 1
2055 1 1 39 0 0 1 1 1 0 0 1
2056 0 1 39 0 1 1 1 1 0 0 0
2057 1 0 49 1 1 1 1 3 2 1 0
2058 0 1 41 0 0 0 1 1 0 1 1
2059 1 1 32 0 0 0 1 0 1 0 0
2060 0 1 43 2 2 3 3 1 1 3 0
2061 1 1 41 3 3 3 3 2 2 3 0
2062 0 1 43 3 2 2 2 3 2 2 0
2063 0 1 43 0 1 2 1 0 0 1 0
2064 1 1 34 1 2 2 2 2 2 2 0
2065 0 1 49 3 0 1 0 2 0 1 0
2066 0 1 32 0 0 0 0 0 0 0 0
2067 0 1 40 2 1 2 1 1 0 1 0
2068 1 1 47 3 3 3 3 3 3 3 0
2069 1 1 33 1 1 3 0 1 1 0 1
2070 0 1 39 2 2 1 0 2 1 2 0
2071 0 1 41 1 0 2 1 1 2 2 1
2072 0 1 46 2 2 2 2 2 1 2 0
2073 1 1 37 3 3 3 3 3 1 3 0
2074 0 1 40 1 2 2 2 3 2 2 0
2075 0 1 41 0 0 2 0 2 2 2 0
2076 0 1 44 1 1 1 1 1 1 1 1
2077 0 1 44 2 2 2 3 1 1 2 1
2078 1 1 45 3 3 3 3 3 3 3 1
2079 1 0 32 1 1 2 2 2 1 0 1
2080 0 1 39 3 3 3 3 3 3 3 0
2081 1 1 40 3 2 2 2 3 2 2 1
2082 1 0 49 1 2 2 1 2 1 1 1
2083 1 1 37 0 0 0 0 0 0 0 1
2084 0 1 43 3 3 3 3 3 3 3 1
2085 1 1 49 2 0 1 1 2 1 1 0
2086 0 1 37 3 1 1 1 3 0 1 0
2087 1 1 43 3 3 3 1 2 1 2 1
2088 1 1 48 1 2 3 2 3 2 2 1
2089 1 1 41 0 0 0 0 0 1 1 1
2090 1 1 39 3 2 2 2 2 1 3 1
2091 1 1 45 2 3 3 3 3 3 3 1
2092 0 1 49 1 2 1 1 1 1 1 0
2093 0 1 41 2 2 3 3 3 1 3 1
2094 0 1 35 0 0 1 1 0 0 1 0
2095 0 1 46 1 1 1 1 1 1 1 1
2096 0 1 49 1 1 1 1 1 0 1 1
2097 0 1 39 0 1 1 1 1 1 1 1
2098 1 0 32 0 0 0 0 0 0 0 0
2099 1 1 49 1 1 2 2 2 1 1 0
2100 0 1 39 3 2 3 3 2 3 2 0
2101 1 1 49 2 2 1 2 2 1 2 1
2102 0 0 32 0 2 0 0 0 2 2 0
2103 1 1 49 0 1 3 2 1 1 1 1
2104 1 1 35 2 2 2 2 2 2 2 0
2105 0 0 43 1 1 1 1 1 1 1 1
2106 1 1 42 2 2 2 1 1 2 2 1
2107 1 1 32 2 1 1 2 2 1 2 0
2108 0 1 44 2 2 2 2 2 1 2 1
2109 1 1 45 1 0 1 1 0 0 0 0
2110 0 1 43 2 2 2 1 1 1 1 1
2111 1 1 37 1 2 1 2 1 0 0 0
2112 1 1 39 1 1 1 2 1 2 0 1
2113 1 1 32 1 1 0 1 0 2 0 1
2114 0 1 33 1 2 1 1 1 1 1 0
2115 1 1 42 2 2 2 1 1 0 0 1
2116 0 1 40 1 2 1 1 1 2 1 0
2117 1 1 41 1 1 1 1 0 0 0 0
2118 0 1 45 0 1 1 0 0 0 1 1
2119 0 1 49 3 3 3 3 1 1 2 1
2120 0 0 32 2 1 2 1 2 2 2 0
2121 0 1 32 1 2 1 1 0 0 1 1
2122 1 1 42 1 1 1 1 1 0 1 1
2123 0 1 34 2 1 1 1 1 0 1 1
2124 0 1 32 0 1 1 2 2 1 1 1
2125 1 1 41 3 3 3 3 3 2 3 1
2126 1 1 35 1 1 2 2 2 1 1 0
2127 1 1 35 2 1 2 2 2 3 1 0
2128 1 1 43 1 1 1 1 1 1 0 1
2129 1 1 32 0 1 2 0 1 0 0 0
2130 1 1 48 3 2 3 3 3 1 1 1
2131 0 1 41 0 0 0 0 0 0 0 0
2133 0 1 43 1 0 1 0 0 1 1 1
2134 0 0 39 1 1 1 0 0 0 0 0
2135 1 0 39 2 0 1 1 1 0 0 0
2136 0 1 37 1 1 1 1 1 1 1 0
2137 1 1 44 3 3 3 3 3 3 3 1
2138 0 0 32 2 2 2 2 2 2 2 0
2139 0 1 37 1 1 1 1 0 1 1 0
2140 1 1 49 2 1 2 1 2 1 2 1
2141 1 1 36 1 2 2 1 1 1 1 1
2142 0 1 42 2 1 2 3 3 0 2 0
2143 0 1 49 2 2 2 2 2 1 2 1
2144 0 1 42 2 3 3 3 3 3 2 0
2145 0 1 37 2 2 3 3 3 3 2 1
2146 0 1 37 1 0 1 0 0 0 0 1
2147 1 1 48 2 1 2 2 2 2 2 0
2148 1 1 39 2 2 1 1 2 1 2 0
2149 0 1 32 0 0 0 0 0 0 1 0
2150 1 1 46 2 2 1 1 1 1 1 1
2151 1 1 48 2 2 2 2 2 2 2 0
2152 0 0 41 2 2 2 2 3 3 2 1
2153 0 1 37 1 1 1 1 3 1 2 0
2155 0 1 41 3 1 2 2 2 1 1 0
2156 0 1 34 3 2 1 0 1 1 2 0
2157 0 1 42 1 0 2 2 2 2 2 1
2158 1 1 42 0 0 0 0 0 0 0 0
2159 1 1 37 1 2 1 1 2 1 2 1
2160 0 1 36 1 1 1 1 1 1 1 0
2161 1 1 43 3 3 3 1 1 1 1 0
2162 1 1 39 1 1 1 1 1 1 1 0
2163 1 1 35 1 2 2 2 2 1 1 0
2164 1 1 33 2 1 1 1 1 2 1 0
2165 1 1 38 1 1 1 1 1 1 1 1
2166 0 1 48 1 1 2 1 1 1 1 1
2167 0 1 43 2 1 2 1 2 3 2 1
2168 0 1 36 1 1 1 1 1 1 1 0
2169 1 1 45 1 1 2 2 1 1 1 1
2170 1 1 40 2 1 1 1 1 1 1 1
2171 0 1 49 0 0 0 0 0 0 0 1
2172 1 1 40 3 2 2 3 3 1 2 0
2173 0 1 35 1 1 1 1 1 1 1 1
2174 0 1 42 1 2 2 1 1 1 1 1
2175 0 1 49 0 0 0 0 0 0 0 1
2176 1 1 49 0 1 1 1 1 0 0 0
2177 0 1 49 3 1 2 2 2 0 2 0
2178 1 1 49 2 2 3 2 2 3 3 1
2179 1 1 44 0 1 1 1 1 0 1 0
2180 0 1 40 1 1 1 1 1 1 1 0
2181 1 1 43 2 2 2 2 2 2 2 0
2182 1 1 46 1 1 1 1 1 1 1 0
2183 0 1 49 1 2 2 2 2 1 2 1
2184 1 1 42 1 1 1 1 2 1 1 1
2185 0 1 41 3 3 3 3 3 3 3 1
2186 1 0 36 1 1 2 2 3 2 2 0
2187 0 1 32 0 1 0 0 0 0 0 0
2188 0 1 46 2 2 1 1 1 1 2 0
2189 1 1 34 1 2 2 1 1 1 1 0
2190 0 0 39 0 0 1 1 1 1 0 1
2191 1 1 48 1 1 1 1 1 1 0 0
2192 1 1 35 3 3 3 3 3 2 3 1
2193 1 1 38 1 2 3 3 3 3 3 1
2194 1 1 48 3 1 3 2 3 1 1 1
2195 0 1 39 0 0 0 0 0 0 0 1
2196 0 1 39 1 2 1 2 1 2 1 0
2197 1 1 32 2 2 3 2 3 1 2 1
2198 0 1 40 2 2 2 2 3 2 3 0
2199 1 1 37 2 2 2 1 2 2 2 1
2200 0 1 40 2 1 2 2 1 1 1 1
2201 1 1 32 0 0 0 0 0 0 0 1
2202 0 1 32 1 1 1 2 1 1 1 1
2203 1 1 39 3 3 3 3 3 2 2 1
2204 0 1 45 1 2 2 1 1 1 1 1
2205 0 0 43 1 1 0 0 2 1 1 0
2206 1 1 42 1 1 1 1 1 0 1 1
2207 0 1 32 1 2 0 2 0 2 3 1
2208 0 1 49 0 0 0 1 0 0 1 1
2209 0 1 39 1 1 1 1 0 1 2 0
2210 0 1 41 1 2 1 1 1 1 1 0
2211 1 1 40 1 1 1 1 1 1 1 0
2212 0 1 34 1 1 2 1 1 1 2 0
2213 1 1 43 1 2 1 2 3 1 1 1
2214 0 1 46 1 0 0 1 1 0 1 1
2215 0 1 34 3 2 3 3 3 3 2 1
2216 0 1 40 1 0 1 2 1 0 1 0
2217 0 1 45 2 2 2 2 2 2 2 1
2218 1 1 39 1 1 1 1 1 1 1 1
2219 0 0 32 1 0 1 1 1 1 0 1
2220 1 1 44 1 1 1 1 1 1 1 0
2221 0 1 42 0 1 0 0 0 0 0 1
2222 1 1 33 2 2 2 2 2 2 2 1
2223 0 1 45 2 1 2 2 1 2 1 0
2224 1 1 32 1 1 1 1 1 1 1 1
2225 1 1 47 0 1 1 1 1 1 1 1
2226 0 1 45 0 0 1 0 0 1 0 1
2227 0 1 39 1 1 2 2 0 1 1 0
2228 0 1 39 2 2 3 2 1 2 2 0
2229 0 1 32 2 2 2 3 1 0 0 0
2230 1 0 38 2 2 3 2 1 1 3 0
2231 1 1 33 2 1 1 1 0 0 1 1
2232 0 1 47 1 1 2 2 2 1 1 1
2233 1 1 32 1 0 1 0 0 1 1 0
2234 1 1 38 1 0 2 1 2 1 2 0
2235 0 1 37 1 1 2 1 1 1 1 1
2236 1 1 43 0 1 1 1 1 0 1 0
2237 1 1 41 2 2 2 1 1 1 2 0
2238 1 1 40 1 2 2 2 2 1 1 1
2239 0 1 36 1 1 1 0 1 0 1 1
2240 0 1 36 2 1 2 2 1 3 2 1
2241 0 1 43 2 2 2 2 1 1 1 1
2242 0 0 43 2 2 2 2 2 1 2 1
2243 0 1 38 1 1 2 1 2 2 2 1
2244 1 1 49 2 2 3 3 2 2 2 0
2245 0 1 40 2 1 2 2 1 1 1 1
2246 1 1 43 1 2 2 1 2 1 3 1
2248 0 1 49 2 2 1 2 2 2 1 1
2249 1 1 49 3 3 3 3 1 1 1 1
2250 0 1 49 0 0 1 1 0 0 0 1
2251 0 1 46 1 1 1 1 1 0 1 1
2252 1 1 49 3 3 3 3 3 2 2 0
2253 1 0 32 1 1 1 1 1 1 1 0
2254 0 1 39 2 2 3 3 2 2 2 0
2255 0 1 46 1 1 2 2 2 1 1 0
2256 0 0 44 0 1 1 0 1 1 0 0
2257 0 1 41 2 1 2 1 1 1 0 0
2258 1 1 43 1 1 1 1 1 1 1 1
2259 0 0 46 0 0 0 0 0 0 0 1
2260 1 1 40 1 2 2 1 2 1 2 1
2261 1 1 38 1 1 1 1 1 1 2 0
2262 1 1 42 3 3 3 1 3 2 2 1
2263 1 1 39 3 3 2 3 3 2 2 0
2264 0 1 45 2 2 2 2 2 2 2 1
2265 0 0 49 1 1 0 0 0 1 0 0
2266 1 1 42 2 1 1 1 1 1 1 0
2267 1 1 36 0 1 0 0 1 1 1 0
2268 0 1 37 1 1 1 1 0 1 1 1
2269 1 1 36 0 3 1 1 0 0 1 1
2270 1 1 32 0 0 0 0 0 0 0 0
2271 1 1 46 1 1 1 1 1 1 1 0
2272 0 1 49 3 3 3 3 3 2 3 1
2273 1 1 47 3 1 1 1 1 0 1 1
2274 1 1 38 1 2 2 2 1 1 2 0
2275 0 1 49 2 2 3 2 1 2 3 1
2276 1 1 47 1 2 3 2 3 2 2 1
2277 1 1 43 1 0 2 1 2 1 1 0
2278 1 1 49 2 2 3 3 2 3 3 0
2279 1 1 40 2 2 3 3 2 3 3 0
2280 1 1 35 2 2 1 2 2 1 1 1
2281 0 1 32 1 1 2 1 1 2 1 1
2283 1 1 41 3 2 2 1 1 1 1 1
2284 1 1 45 2 1 1 1 0 1 2 1
2285 1 1 49 3 3 3 3 3 1 1 1
2286 0 1 44 1 1 2 1 0 1 0 0
2287 1 1 32 1 1 1 0 0 0 0 1
2288 0 1 37 2 1 2 2 2 1 1 1
2289 1 1 35 0 0 0 1 0 0 0 1
2290 1 1 36 0 1 1 1 1 1 1 0
2291 0 1 33 1 1 1 1 1 1 1 0
2292 1 1 42 2 1 2 2 2 1 1 0
2293 1 1 47 1 1 2 2 2 1 1 0
2294 1 0 32 0 1 1 2 2 3 1 1
2295 1 1 40 1 2 2 2 2 2 2 1
2296 1 1 42 2 1 1 1 1 1 1 1
2297 0 1 35 1 1 1 1 1 2 2 1
2298 0 1 42 2 2 2 3 2 1 2 0
2299 1 1 33 1 1 2 2 3 1 1 1
2300 1 1 41 0 2 1 1 1 1 1 0
2301 1 1 44 3 3 3 3 3 3 3 0
2302 1 1 49 2 3 2 2 2 2 3 1
2303 0 1 40 2 2 2 2 2 1 1 1
2304 0 1 33 2 1 2 3 3 1 3 1
2305 1 1 48 2 3 3 3 3 3 3 1
2307 1 1 32 0 0 0 0 0 0 0 0
2308 1 0 49 1 1 1 2 1 2 1 0
2309 0 1 45 2 1 2 1 1 1 1 1
2310 0 0 42 1 1 1 3 3 1 1 1
2311 0 1 38 1 1 1 1 1 1 1 0
2312 0 0 37 0 0 0 1 0 0 0 1
2313 0 1 47 1 1 3 3 3 1 1 0
2314 0 0 32 0 0 0 0 0 0 0 1
2315 1 1 37 2 2 2 2 3 1 1 0
2316 1 1 43 1 0 0 1 0 0 0 0
2317 0 1 40 3 3 1 1 1 1 1 0
2318 1 1 40 1 1 1 1 1 1 2 0
2319 0 1 49 0 0 0 0 1 0 1 1
2320 1 1 46 1 2 2 3 2 3 2 1
2321 1 1 42 1 1 2 1 1 1 2 1
2322 0 1 40 2 2 2 2 1 2 2 1
2323 1 1 41 1 2 2 2 1 1 1 1
2324 0 1 49 1 2 2 1 1 0 1 1
2325 1 1 37 2 1 1 1 1 1 1 1
2326 1 1 40 2 2 1 1 1 1 1 0
2327 1 0 49 2 1 1 1 1 1 0 0
2328 0 1 42 2 2 3 3 2 2 3 1
2329 0 1 35 1 1 1 1 1 2 2 1
2330 0 1 40 1 1 2 2 2 1 2 0
2331 1 1 39 3 3 3 3 3 3 2 0
2332 1 1 38 3 2 1 1 2 1 1 0
2333 0 1 48 2 3 2 1 1 0 3 1
2334 0 1 40 3 3 1 1 1 0 1 1
2335 0 0 32 1 1 0 1 0 0 1 0
2336 0 1 46 1 1 1 1 2 1 2 1
2337 0 1 48 1 1 1 1 1 1 1 1
2338 0 1 45 1 1 0 1 1 1 1 0
2339 0 0 37 2 0 0 0 0 0 0 0
2340 0 1 41 1 1 1 1 0 1 1 0
2341 0 0 32 2 1 2 1 1 1 1 0
2342 1 1 32 0 0 0 0 0 0 0 0
2343 0 1 45 2 3 2 2 1 1 1 1
2344 0 0 36 1 1 1 0 0 0 0 1
2345 0 1 39 1 1 1 1 1 1 1 0
2346 0 1 48 2 2 3 2 2 2 2 1
2347 0 1 35 1 1 2 2 1 3 2 0
2348 0 0 49 2 3 3 2 2 2 2 0
2349 1 1 40 1 1 1 1 1 0 1 1
2350 0 1 45 2 2 2 1 1 1 2 0
2351 0 1 36 0 1 0 1 1 0 0 1
2352 0 1 40 1 1 2 1 1 3 2 1
2353 1 1 40 1 1 1 1 1 2 0 1
2354 1 1 47 1 1 2 1 1 1 1 1
2355 1 1 38 1 1 1 2 2 1 1 0
2356 0 1 38 0 1 0 1 0 1 1 1
2357 0 1 43 1 1 3 3 2 1 1 0
2358 1 1 49 2 2 2 1 1 1 1 0
2359 0 1 33 2 1 2 2 1 1 2 1
2360 0 1 38 1 2 2 2 1 1 2 0
2361 1 1 38 3 1 3 2 1 0 3 0
2362 0 1 40 2 2 1 1 1 1 1 0
2363 1 1 49 1 1 1 1 3 2 0 1
2364 0 1 46 1 1 1 1 2 1 2 0
2365 0 0 49 1 1 2 2 1 1 1 1
2366 1 1 36 3 3 3 3 3 2 3 1
2367 1 1 40 1 1 1 1 1 1 1 0
2368 0 0 32 0 1 1 0 3 1 0 0
2369 1 1 45 1 1 2 1 1 1 1 0
2370 0 1 49 1 1 2 2 1 1 2 0
2371 0 0 39 0 0 0 0 0 0 0 0
2372 0 0 49 1 1 1 1 0 1 0 0
2373 0 1 39 3 3 3 3 3 3 3 0
2374 0 1 47 1 1 2 1 1 1 2 0
2375 0 1 34 2 2 2 2 2 2 2 1
2376 0 1 37 1 1 1 2 2 1 1 1
2377 0 0 47 1 1 1 1 1 1 1 1
2378 1 1 45 1 1 2 1 0 2 1 0
2379 1 1 41 0 1 0 1 1 0 1 0
2380 1 1 35 1 1 2 1 1 0 2 1
2381 1 0 49 1 1 1 1 1 1 1 0
2382 0 1 48 2 2 2 2 2 2 2 1
2383 1 1 40 3 2 3 3 3 3 3 0
2384 1 0 40 1 1 1 1 1 1 1 0
2385 1 0 32 0 0 0 0 0 0 0 1
2387 1 1 47 1 1 1 1 1 1 1 1
2388 1 1 45 1 1 1 1 1 1 1 1
2389 0 1 40 1 1 1 0 1 0 0 1
2390 0 1 41 0 0 1 0 0 1 0 1
2391 0 0 32 3 2 2 2 2 2 2 0
2392 1 1 33 1 2 1 1 3 1 3 1
2393 1 1 34 1 1 2 1 1 1 2 1
2394 0 1 48 3 2 1 1 2 1 1 0
2395 1 0 38 1 1 1 1 1 1 1 0
2396 1 1 42 3 3 3 2 3 1 2 1
2397 0 1 49 1 1 1 1 1 1 1 0
2398 1 1 37 1 2 1 0 1 0 1 0
2399 0 1 47 3 2 1 1 1 1 1 1
2400 0 0 41 1 0 1 1 1 1 1 1
2401 1 1 37 2 1 1 1 2 1 1 0
2402 0 1 39 1 2 2 1 1 0 1 1
2403 1 1 32 2 2 1 1 2 0 0 0
2404 1 1 49 1 1 1 1 0 2 2 1
2405 0 1 45 0 1 1 1 1 0 1 1
2406 0 1 49 1 1 1 1 1 1 1 1
2407 0 1 35 3 3 3 3 3 3 3 1
2408 1 1 36 0 0 0 0 0 0 0 1
2409 0 1 43 2 2 2 2 2 1 2 0
2410 1 1 45 0 0 0 0 0 0 0 1
2411 1 1 35 1 1 1 1 0 0 1 1
2412 0 1 34 2 1 1 1 1 1 1 1
2413 0 1 49 3 3 3 3 2 1 2 0
2414 1 1 38 2 1 1 1 2 1 2 0
2415 0 1 32 1 1 1 1 1 1 1 0
2416 1 1 41 1 1 1 1 1 1 1 1
2417 0 1 34 1 1 1 2 1 1 1 0
2418 0 0 49 0 1 0 1 1 1 1 1
2419 0 1 41 0 1 1 1 1 1 1 1
2420 1 1 40 0 0 0 0 0 0 0 0
2421 0 1 38 3 2 2 2 1 1 2 1
2422 0 1 34 1 1 1 1 1 0 1 0
2423 1 1 49 1 1 2 1 1 1 1 1
2424 1 1 49 0 0 0 0 0 0 0 0
2425 0 1 43 2 3 3 2 2 2 2 1
2426 0 1 42 2 2 1 2 2 2 2 1
2427 1 1 40 1 0 1 1 2 1 1 0
2428 1 1 41 2 1 2 2 2 2 1 1
2429 1 1 42 1 0 0 1 0 1 1 0
2430 0 1 38 1 1 1 1 1 1 1 0
2431 1 1 40 1 1 1 1 1 0 1 1
2432 1 1 34 2 2 1 1 2 2 1 1
2433 0 1 49 1 1 1 1 1 1 1 0
2434 0 1 40 1 2 2 2 1 2 2 0
2435 0 1 41 1 1 0 1 0 1 0 1
2436 0 1 32 1 1 2 1 1 0 0 1
2437 1 1 32 2 2 2 2 2 2 2 0
2438 1 0 49 1 1 1 1 0 1 0 1
2439 1 1 37 2 3 3 2 1 2 1 0
2440 0 1 36 1 2 1 1 1 1 1 1
2442 1 1 44 1 1 1 1 1 1 1 1
2443 1 1 42 2 2 2 2 2 2 2 1
2444 1 1 37 3 3 3 3 3 1 3 0
2445 1 1 42 1 1 3 3 3 1 3 1
2446 1 1 36 1 1 1 1 1 1 1 1
2447 1 0 32 2 2 2 2 2 2 2 1
2448 1 1 40 1 1 2 2 3 1 2 0
2449 1 1 37 2 2 2 2 1 1 2 1
2450 1 1 46 3 1 2 2 2 1 3 0
2451 1 1 37 1 2 2 2 2 1 2 0
2452 1 0 32 0 0 0 0 0 3 0 0
2453 1 1 36 3 3 3 2 3 2 2 1
2454 0 1 32 3 2 1 1 2 2 1 1
2455 0 1 35 2 2 2 1 1 1 1 0
2456 0 1 49 1 2 2 3 1 1 1 0
2457 1 1 33 1 1 3 1 2 1 1 0
2458 1 1 40 2 1 1 2 1 1 1 0
2459 0 1 46 3 3 3 3 3 3 3 0
2460 0 1 37 3 3 3 3 2 2 3 0
2461 1 1 47 0 1 0 1 0 0 1 0
2464 1 1 37 3 2 1 2 2 1 1 1
2465 1 1 49 1 1 2 1 2 0 1 0
2466 0 1 43 3 2 2 1 1 1 1 0
2467 0 0 49 3 3 2 3 2 2 1 1
2468 1 1 38 1 1 0 1 2 2 1 0
2469 1 1 32 2 2 2 2 2 2 3 0
2470 1 1 49 2 1 1 1 1 0 1 1
2471 0 1 32 0 0 0 1 0 1 0 1
2472 0 1 33 2 3 1 2 2 1 1 0
2473 1 1 42 1 0 1 1 1 0 1 0
2474 1 0 32 2 2 2 1 0 1 1 0
2475 0 1 36 3 0 0 2 1 0 1 0
2476 1 1 47 3 0 1 1 1 1 1 0
2477 1 1 32 1 1 1 1 1 1 2 0
2478 0 1 45 1 2 3 2 3 2 1 1
2479 0 1 37 1 1 2 1 2 1 1 1
2480 0 1 41 2 1 3 2 2 2 3 1
2481 1 1 40 2 2 3 3 3 3 3 0
2482 0 1 49 3 2 2 1 1 1 1 1
2483 0 1 38 0 1 1 1 1 0 1 0
2484 0 1 37 0 1 0 0 0 0 0 0
2485 0 1 48 1 1 3 2 2 0 2 0
2487 1 1 49 3 3 3 3 3 2 3 0
2488 0 1 47 1 1 2 1 1 1 1 0
2489 0 1 37 2 1 2 1 1 2 2 1
2490 1 1 41 3 1 1 1 1 1 1 1
2491 1 1 32 2 1 2 3 3 1 3 1
2492 0 1 32 0 0 1 1 1 0 1 0
2493 1 1 33 3 3 3 3 3 3 3 1
2494 0 1 37 2 1 2 2 2 1 2 0
2495 1 1 38 1 1 1 1 0 0 1 0
2496 0 1 32 0 1 1 1 0 0 2 0
2497 0 1 34 1 2 2 1 1 1 1 1
2498 1 0 32 2 2 2 2 2 2 1 1
2499 0 1 45 2 2 2 2 2 2 2 1
2500 0 0 43 1 1 1 1 1 1 1 1
2501 0 1 44 1 1 1 1 1 1 1 0
2502 0 1 33 1 1 1 1 1 0 1 1
2503 1 1 47 3 2 2 1 2 2 1 0
2504 1 1 41 3 2 2 2 2 2 2 0
2505 1 1 36 1 0 0 0 1 0 0 0
2506 1 1 47 1 1 2 2 2 2 1 1
2507 1 1 44 1 2 2 1 3 2 1 0
2508 1 1 48 3 3 3 3 3 3 3 0
2509 1 1 32 2 1 2 2 1 1 3 0
2510 1 1 35 1 1 2 1 1 1 1 1
2511 0 1 37 0 0 0 1 1 1 1 1
2512 1 1 38 1 1 1 2 1 0 1 1
2513 0 0 32 1 1 2 1 1 1 1 0
2514 1 1 49 3 2 3 2 3 1 2 0
2515 1 1 38 2 2 2 1 1 1 2 0
2516 0 1 35 2 3 3 0 0 1 0 1
2517 0 1 38 0 1 1 0 1 0 0 0
2518 0 1 39 1 1 1 1 1 0 0 0
2520 0 0 47 2 1 2 2 1 1 1 0
2521 1 1 46 2 2 3 2 2 1 1 1
2522 1 1 40 2 1 1 2 1 1 1 0
2523 1 1 36 1 1 2 2 1 1 1 0
2524 1 1 49 2 1 1 1 2 1 1 1
2525 0 0 43 1 0 0 0 0 0 1 0
2526 1 1 39 1 1 1 1 1 1 1 1
2527 0 1 43 2 3 0 1 1 0 0 0
2528 1 1 42 1 1 1 1 2 1 1 1
2529 1 1 49 1 1 1 1 2 1 1 0
2530 1 0 32 1 1 1 1 0 1 0 0
2531 0 1 39 1 1 2 0 1 2 1 1
2532 0 1 40 1 1 2 2 2 1 2 1
2534 0 1 46 0 0 1 1 1 1 0 0
2535 1 1 40 2 1 2 1 1 1 2 1
2536 1 1 41 3 3 3 3 3 3 3 0
2538 0 1 34 2 2 2 2 2 1 1 1
2539 1 1 32 3 3 3 2 2 1 1 0
2541 0 1 41 3 3 3 3 3 0 3 1
2542 0 1 32 0 2 2 1 0 1 1 0
2543 1 1 44 2 2 2 2 2 2 2 0
2544 0 1 39 0 0 1 1 0 1 1 1
2545 1 1 45 3 3 1 2 3 1 2 0
2546 0 1 33 0 0 1 1 0 0 1 0
2547 0 1 41 2 1 2 1 1 2 2 0
2548 0 1 45 2 2 3 3 3 2 1 0
2549 0 1 35 2 2 2 2 2 1 1 1
2550 0 1 32 2 1 2 2 3 1 3 1
2551 1 1 46 0 1 2 1 1 1 1 0
2552 1 1 34 1 1 0 0 3 2 1 0
2553 1 1 36 1 1 1 2 2 1 1 1
2554 0 1 34 2 2 2 2 2 2 2 0
2555 0 1 41 2 2 2 2 2 1 1 1
2557 1 1 43 2 0 0 0 0 0 0 0
2558 0 1 40 1 1 1 2 1 1 1 0
2559 1 1 43 1 2 1 1 0 1 1 0
2560 1 1 39 1 1 1 0 1 0 1 0
2561 0 1 44 0 0 0 0 0 1 3 1
2562 1 1 46 1 1 1 1 1 0 0 1
2563 0 1 44 3 3 3 3 3 3 3 1
2564 1 1 38 1 1 1 2 2 2 1 1
2565 1 1 49 3 3 3 3 3 2 3 0
2566 1 1 40 2 3 3 3 3 3 2 1
2567 0 1 33 2 2 2 2 2 2 2 1
2568 1 1 49 3 3 3 2 3 2 3 0
2569 0 1 37 1 1 1 1 1 1 1 1
2570 0 1 32 0 1 0 1 0 0 0 0
2571 1 1 49 1 2 1 1 1 0 1 1
2572 1 1 47 1 1 1 1 1 1 1 1
2573 1 1 39 3 2 3 2 3 2 2 0
2574 1 1 36 2 3 3 3 3 2 3 1
2576 0 1 42 1 1 2 2 2 1 2 1
2577 0 1 43 1 1 0 0 1 0 0 1
2579 1 1 32 2 1 1 2 2 1 1 0
2580 1 1 34 2 2 2 2 1 2 2 1
2581 0 1 40 2 1 2 1 2 1 1 1
2582 1 1 32 1 1 2 1 1 2 1 1
2583 0 1 36 0 0 0 0 0 0 0 0
2584 0 1 44 1 2 1 2 1 2 1 0
2585 0 1 48 1 0 1 1 1 0 0 0
2586 0 1 49 3 2 3 3 2 3 3 0
2587 0 1 41 3 2 2 2 1 1 2 1
2588 1 0 38 3 3 3 3 3 3 3 0
2589 0 1 39 1 1 2 1 2 1 1 0
2590 0 1 36 1 1 2 2 2 2 1 1
2591 1 1 32 1 1 1 1 1 1 1 0
2592 0 1 40 0 1 0 1 2 1 1 1
2593 0 1 44 1 1 1 2 2 1 2 1
2594 1 1 37 1 1 2 2 1 1 2 0
2595 0 1 42 2 1 2 1 1 1 1 0
2596 1 0 43 2 1 2 1 2 2 2 1
2597 1 1 34 3 2 2 2 2 2 2 0
2598 0 1 44 1 1 1 2 2 0 1 0
2599 1 1 44 1 1 1 1 2 1 1 1
2600 0 1 32 1 2 2 3 1 2 3 1
2601 0 1 49 2 3 2 2 2 2 2 0
2602 1 0 49 3 3 1 1 1 1 1 0
2603 1 1 48 0 0 1 1 0 1 0 1
2605 1 1 40 1 1 1 1 1 1 1 1
2606 0 1 32 1 1 1 1 1 1 1 1
2607 1 0 40 1 2 2 1 0 1 1 1
2608 1 1 35 3 3 3 3 3 3 3 0
2609 0 1 40 1 2 3 2 3 2 2 1
2611 1 1 43 1 1 1 1 1 1 2 1
2612 0 1 35 1 1 1 1 2 1 1 0
2613 0 1 38 3 3 3 3 3 1 3 0
2614 0 1 37 1 1 1 1 1 2 2 0
2615 0 1 49 1 1 2 3 3 3 1 0
2616 1 1 34 1 2 1 2 1 2 2 1
2617 1 1 35 1 1 1 1 2 0 1 1
2618 0 1 36 3 1 3 2 3 2 2 1
2619 0 0 32 2 2 2 2 2 2 2 0
2620 1 1 32 0 0 0 0 0 0 0 1
2621 0 1 41 1 1 1 1 1 1 1 0
2622 0 0 47 2 0 1 0 2 3 3 0
2623 1 1 36 0 0 0 0 0 0 0 1
2624 1 1 48 3 3 3 3 3 0 3 1
2625 0 1 49 1 1 1 1 0 0 1 1
2626 1 1 40 1 2 3 3 3 2 2 0
2627 1 1 39 1 2 2 2 2 1 2 0
2628 0 1 32 0 0 1 0 0 0 0 1
2629 1 1 44 2 2 2 2 2 2 1 0
2630 1 1 49 1 0 0 1 0 1 1 1
2631 0 1 38 3 2 2 3 3 2 2 1
2632 0 1 41 3 3 3 3 3 3 2 1
2633 0 1 46 1 1 1 1 1 0 1 1
2634 0 1 32 3 2 1 2 0 3 1 0
2635 1 1 46 0 1 1 1 2 1 0 0
2636 0 1 32 3 3 2 1 2 1 1 0
2637 0 1 42 3 3 0 0 1 1 1 1
2638 1 1 41 0 0 0 1 0 3 0 1
2639 1 0 32 3 3 3 3 3 3 3 0
2641 0 1 37 1 1 1 1 1 1 1 1
2642 1 1 44 2 1 2 2 2 2 2 1
2643 0 1 32 2 1 1 1 1 1 1 0
2644 1 1 38 0 0 2 1 0 1 0 1
2645 1 0 49 1 1 1 1 1 1 1 0
2646 0 1 42 2 1 2 2 1 1 1 1
2647 1 1 43 1 1 1 1 1 0 0 0
2648 0 1 39 2 2 2 1 1 3 1 1
2649 1 1 35 1 1 2 2 1 2 2 0
2650 1 1 41 2 1 2 2 1 1 2 1
2651 0 1 47 2 2 2 2 1 0 0 1
2652 0 1 49 3 2 3 2 1 2 2 1
