1 0 1 47 1 0 1 2 1 0 0 0
2 0 1 35 2 2 1 2 2 1 1 0
3 0 1 41 3 3 2 2 3 3 3 0
4 0 1 36 2 2 2 2 1 1 1 1
5 1 1 41 0 0 0 0 1 0 0 1
7 0 1 43 1 2 3 2 3 1 2 1
9 1 0 35 3 3 3 3 3 3 3 1
10 0 1 38 1 3 3 3 3 3 3 0
11 0 1 46 1 2 3 1 2 3 2 0
12 1 1 40 1 1 2 2 2 1 1 1
13 0 0 31 1 1 1 2 1 2 0 0
14 0 1 40 1 1 1 2 3 2 1 0
15 0 1 39 1 1 0 0 1 0 1 1
16 0 1 47 3 3 3 3 3 2 2 0
17 0 1 47 1 1 1 2 1 1 2 0
18 0 1 39 2 3 2 2 2 2 2 1
20 0 1 42 1 1 0 0 1 1 1 0
21 0 1 36 2 1 3 2 1 1 0 1
22 0 1 47 2 2 2 2 2 1 2 0
23 0 1 40 1 1 2 2 1 1 1 1
24 0 1 40 1 1 1 1 1 0 1 0
25 1 1 31 1 1 1 2 1 0 0 1
28 0 1 36 2 2 2 2 2 2 2 1
30 0 1 34 2 1 1 1 2 1 2 1
31 1 1 43 1 1 1 1 1 0 2 1
32 0 1 37 1 1 1 1 1 1 2 1
33 1 1 47 3 3 3 3 3 1 2 1
34 1 1 31 1 1 2 3 1 2 1 1
35 0 1 39 1 1 1 1 1 1 1 1
36 0 1 42 3 2 2 1 2 1 2 1
37 0 1 38 3 3 3 3 3 2 3 0
38 1 1 45 1 1 1 1 1 1 1 0
40 0 1 46 1 2 2 1 2 1 2 1
42 1 1 32 1 1 1 1 2 1 1 1
43 1 1 31 0 1 1 2 1 0 0 0
44 1 1 38 1 2 2 1 1 1 1 1
45 0 1 37 2 2 2 2 2 1 1 0
46 0 1 39 1 1 1 1 1 0 1 1
47 1 1 34 1 1 1 1 1 1 1 1
48 1 1 41 1 1 2 1 1 0 2 0
49 1 1 38 2 3 3 2 2 3 3 1
50 0 1 37 0 0 1 1 2 0 0 0
51 0 1 40 2 2 2 1 3 1 3 0
52 1 1 37 3 3 3 2 3 2 3 1
53 0 1 40 2 1 2 3 2 2 2 1
55 0 1 40 1 2 1 1 1 2 1 0
57 0 1 42 2 1 1 2 2 1 1 1
58 1 1 40 2 1 2 1 1 1 1 0
59 0 1 34 1 2 1 1 1 1 1 0
60 0 1 37 2 1 1 2 2 1 1 1
61 0 1 34 2 2 2 2 2 2 2 1
62 1 1 39 2 1 1 1 1 1 1 0
63 0 1 40 1 1 1 1 1 1 1 1
64 1 1 39 1 1 1 1 1 0 1 0
65 0 1 39 1 1 1 1 1 1 1 0
66 1 1 31 1 1 1 1 1 1 1 0
67 1 1 33 1 1 1 1 1 1 1 0
69 0 1 45 2 2 3 2 3 2 3 0
70 0 1 40 2 1 2 2 2 1 2 0
71 0 1 39 1 0 3 3 2 0 3 1
72 0 1 43 0 0 0 0 0 0 0 0
73 0 1 35 3 3 3 3 3 1 3 1
74 0 1 42 0 0 0 0 0 0 0 1
76 1 1 37 1 1 2 2 1 2 2 1
77 1 1 36 3 3 2 2 1 1 1 1
78 1 0 33 1 1 1 1 1 1 1 0
79 1 1 38 1 1 1 1 1 0 1 1
80 1 1 41 1 1 1 1 1 0 1 1
81 1 1 39 3 3 3 3 2 2 3 0
82 1 1 41 1 1 0 1 0 0 0 1
83 1 1 44 2 2 3 1 2 1 1 0
84 0 1 42 3 3 3 2 3 2 1 0
85 0 1 35 1 1 1 1 2 1 1 1
86 0 1 42 3 2 3 3 1 3 2 0
87 0 1 32 1 1 1 2 1 1 2 1
88 0 1 39 1 1 1 1 1 1 1 1
89 0 1 36 1 1 1 1 1 1 1 0
90 1 1 36 3 1 1 1 1 1 1 1
91 0 1 31 1 0 0 0 1 0 1 0
92 0 1 43 1 1 1 1 1 1 1 0
93 1 1 37 3 3 3 2 2 1 2 1
94 1 1 31 1 1 1 1 1 1 1 1
95 0 1 36 2 2 2 2 2 2 2 1
96 0 1 37 2 2 2 1 2 1 2 0
97 0 1 36 2 1 2 3 3 2 2 0
98 1 1 37 1 1 1 1 1 2 1 0
100 1 1 43 0 0 0 0 0 0 0 0
101 1 1 40 1 1 1 1 1 1 2 0
102 0 1 34 1 0 1 1 0 1 0 0
103 1 1 43 0 0 0 0 0 0 0 0
104 0 1 45 3 2 3 2 3 2 2 0
105 1 1 47 1 1 2 1 1 2 3 1
106 0 1 37 2 1 1 1 1 0 1 1
107 0 1 45 2 1 3 2 3 1 2 0
108 1 1 43 2 2 2 2 2 2 2 0
109 1 0 37 1 1 0 0 2 0 1 1
111 1 1 38 2 1 1 1 1 3 1 0
112 1 1 46 1 1 1 1 1 0 1 0
113 0 1 38 3 3 2 2 2 2 1 0
114 0 1 37 0 0 2 2 0 0 3 1
115 1 1 47 1 1 0 1 1 0 0 1
117 0 1 38 1 2 2 1 3 3 2 0
119 0 1 44 1 2 3 2 1 1 2 1
120 1 1 31 1 2 3 2 2 2 2 0
121 1 1 37 1 1 1 2 1 1 1 1
122 0 1 39 1 0 2 2 1 1 1 1
123 1 0 31 1 0 1 0 2 0 1 0
124 1 1 44 1 1 1 1 1 1 2 0
125 1 1 41 3 3 3 3 3 3 3 1
126 1 1 47 2 1 1 2 1 0 1 0
127 0 1 37 2 2 2 2 3 2 2 1
128 1 1 39 3 2 3 3 2 2 3 1
129 0 1 42 1 1 1 1 1 1 1 0
130 0 1 40 2 2 3 2 2 1 2 1
131 1 1 35 1 1 1 2 2 2 2 0
132 1 0 31 2 1 2 1 3 3 3 1
133 1 1 38 1 1 1 1 1 1 1 0
134 1 1 44 1 1 1 1 1 0 0 1
135 0 1 39 1 2 2 2 2 3 2 1
136 0 1 34 2 1 1 1 2 1 2 0
137 0 1 43 2 1 1 1 2 0 1 1
138 0 1 43 1 1 1 3 3 1 3 1
139 1 1 39 2 2 2 1 1 1 2 1
140 1 1 39 2 2 1 1 1 1 0 0
141 1 1 38 3 2 2 3 2 2 3 1
142 0 1 38 3 2 2 2 2 2 1 1
143 1 1 33 1 1 1 1 0 0 1 1
144 1 1 41 1 1 1 1 1 0 1 0
145 0 1 31 0 1 1 1 1 1 1 0
146 0 1 42 0 0 0 0 0 0 0 0
147 1 1 47 1 1 1 1 1 1 1 0
148 0 1 40 1 1 1 1 1 1 1 1
149 0 1 47 3 3 3 3 3 0 3 1
150 0 1 40 2 2 2 2 2 2 2 1
151 0 1 31 2 1 0 1 0 0 0 0
152 1 1 40 1 2 2 2 1 1 1 1
153 1 1 40 3 3 3 3 3 2 3 0
154 1 1 31 1 1 2 2 1 0 1 1
155 1 1 34 1 1 2 1 1 1 0 1
157 0 1 44 1 1 1 1 2 0 1 0
158 0 1 36 1 1 2 2 2 2 2 0
159 1 1 37 2 2 1 2 2 1 1 0
160 1 1 34 3 3 3 3 3 3 3 0
161 0 1 47 0 0 0 0 1 0 0 1
162 0 1 38 1 1 1 2 1 1 1 0
164 1 1 32 1 0 0 1 1 1 0 1
166 0 1 35 3 1 0 2 1 1 1 0
167 0 1 38 2 2 2 2 2 2 2 0
168 1 1 34 1 1 1 1 1 1 1 0
169 0 1 38 2 2 2 2 1 1 1 0
170 0 1 47 2 1 2 2 1 1 1 1
171 1 0 45 1 0 1 0 0 1 0 0
173 1 1 43 1 1 1 1 2 1 2 0
174 1 1 42 1 1 1 1 1 1 2 1
175 0 1 37 1 1 1 1 0 1 1 0
176 1 1 38 2 2 2 2 2 2 2 1
177 0 1 39 1 2 2 1 2 2 3 1
178 0 1 40 2 2 2 3 2 2 2 0
179 1 1 47 1 1 1 1 2 1 1 0
180 1 1 31 2 2 2 1 1 1 2 0
181 0 1 31 0 0 1 1 1 1 0 1
182 1 1 36 1 1 1 1 1 1 1 0
183 0 1 45 2 2 1 1 2 0 1 0
184 1 1 39 0 1 2 2 2 2 2 0
185 0 1 47 1 1 3 2 3 1 2 0
186 0 1 44 3 3 2 2 2 2 2 1
187 1 1 42 2 2 2 2 2 0 1 0
188 1 1 36 1 1 1 1 1 1 1 1
189 0 1 45 3 2 2 2 3 2 2 0
191 1 1 46 2 2 2 2 2 1 1 0
192 1 1 36 1 1 0 2 0 0 1 0
193 1 1 42 3 1 3 1 3 1 1 0
194 0 1 44 2 2 2 2 3 2 1 1
195 0 1 36 1 1 1 1 1 0 1 1
196 0 1 35 3 3 1 1 2 1 2 1
197 0 1 47 1 1 1 1 1 0 1 0
198 0 1 44 3 2 3 2 2 1 2 1
199 0 1 37 1 2 1 1 1 1 1 1
200 1 1 46 3 3 2 2 3 1 2 0
201 1 1 47 0 0 0 1 0 0 0 0
202 1 1 36 3 2 3 2 2 1 1 0
203 1 1 39 1 1 2 1 2 1 1 1
205 0 1 40 1 0 2 2 0 1 0 1
206 1 1 44 3 3 3 3 3 3 3 1
207 1 1 40 1 1 2 0 0 1 1 1
208 1 1 45 0 0 0 0 0 1 1 1
211 1 1 43 2 1 2 1 2 1 2 0
212 0 1 41 1 1 1 1 1 1 1 1
213 0 1 31 0 1 2 2 2 1 1 0
214 0 1 35 1 2 2 2 2 2 1 0
215 1 1 45 1 1 2 2 1 1 1 0
216 0 1 38 1 1 1 1 1 0 1 0
217 1 1 45 3 3 2 2 2 1 1 1
220 0 1 31 1 1 0 2 2 2 1 0
221 0 1 36 3 2 2 2 3 1 3 0
222 0 1 35 2 3 3 3 2 2 3 1
223 0 1 44 1 0 1 2 1 0 1 1
224 1 1 31 2 2 3 2 2 2 2 1
225 1 1 47 2 2 2 2 1 1 2 1
226 0 1 36 3 1 1 1 1 1 1 1
227 1 1 31 1 2 3 1 1 1 2 1
228 0 1 45 2 2 1 2 2 1 1 0
229 0 1 39 2 1 2 2 2 1 1 0
230 0 1 37 2 1 2 2 2 1 2 1
231 0 1 47 3 2 2 2 2 2 2 1
232 1 1 42 2 2 2 2 2 1 2 0
233 1 1 34 1 1 1 1 1 0 0 1
234 0 1 44 2 2 2 2 2 2 2 0
235 1 1 42 2 2 2 2 2 1 1 1
237 1 0 35 1 1 0 0 1 0 0 0
238 0 1 40 3 3 3 3 3 3 3 1
239 1 1 39 2 1 1 1 1 0 1 1
240 0 1 44 2 1 2 2 2 1 2 1
241 0 1 47 1 1 1 1 1 1 1 1
242 1 1 34 1 2 2 1 1 2 2 1
243 0 1 39 0 1 1 1 0 0 1 1
244 1 1 40 1 1 1 1 1 1 0 1
245 0 1 38 1 1 1 1 1 0 1 0
246 0 1 38 2 2 3 2 2 1 1 1
247 1 1 35 1 1 1 1 1 1 1 1
248 1 1 47 2 1 2 2 1 1 1 1
249 1 1 45 2 2 2 1 1 1 0 0
250 1 1 33 1 1 1 2 2 1 1 1
251 0 1 34 3 2 2 3 2 1 3 0
252 0 1 47 2 2 2 2 2 2 2 0
254 0 1 47 3 3 3 3 2 1 1 0
256 0 1 36 2 2 3 2 2 2 2 0
257 0 1 42 1 1 1 1 1 1 1 1
258 0 1 31 1 1 0 1 0 0 0 0
259 1 0 47 2 1 2 1 1 1 2 1
260 0 1 46 2 2 2 3 1 1 1 0
261 1 1 44 1 1 2 1 2 1 1 0
262 0 1 39 3 2 3 3 2 2 2 0
263 0 1 35 3 3 2 3 3 2 2 1
264 0 0 31 3 3 3 3 3 0 0 1
265 1 1 42 3 3 3 1 1 1 1 0
266 1 1 31 1 1 1 3 3 0 1 1
267 1 1 37 2 1 2 1 2 1 2 0
268 1 1 34 3 1 3 1 2 1 2 1
269 1 1 35 2 1 1 1 2 0 1 0
270 0 1 47 2 2 1 1 1 1 1 1
271 0 1 43 1 2 1 1 2 1 1 0
272 0 1 36 2 1 2 1 2 1 1 1
273 0 1 47 1 1 1 1 1 0 1 0
276 1 1 45 1 1 1 1 1 2 1 0
277 1 1 47 1 1 1 1 2 1 1 1
278 1 1 40 0 0 0 0 0 0 0 1
281 1 1 41 2 2 0 0 1 1 1 1
282 1 1 33 1 1 1 1 1 1 1 1
283 0 1 36 3 2 3 3 2 3 3 1
284 0 1 46 1 1 1 1 2 1 1 1
285 0 0 47 1 1 1 1 1 1 1 0
286 1 1 37 2 2 2 2 2 2 1 0
287 0 1 47 1 1 1 1 2 2 1 0
288 1 1 36 2 2 1 3 2 0 1 0
289 0 1 37 1 2 2 3 3 1 1 0
290 0 1 31 3 1 1 1 1 1 1 0
291 1 1 37 3 3 2 3 3 2 3 1
292 1 1 44 1 1 1 1 1 1 1 0
293 1 1 36 3 3 3 3 3 1 1 1
294 1 1 46 2 1 2 1 1 1 1 0
296 0 1 41 3 3 3 3 3 2 2 0
297 1 1 47 1 1 1 1 1 1 1 1
298 0 1 38 2 2 2 2 2 1 2 0
299 1 1 47 2 1 2 2 1 0 2 1
300 1 1 42 1 1 1 1 1 0 1 1
301 1 1 47 1 1 1 1 1 1 1 0
302 0 1 45 2 1 2 2 1 1 1 0
303 1 1 40 0 0 0 0 0 0 0 0
304 1 1 33 1 1 0 1 0 1 0 1
305 1 1 42 1 1 1 1 1 1 1 1
306 1 1 42 2 2 2 2 2 2 2 1
307 1 1 39 1 2 2 1 1 0 0 0
308 0 1 42 1 1 1 1 1 1 1 0
309 0 1 36 2 2 1 3 2 1 1 1
310 1 1 44 1 1 1 1 1 0 0 1
311 1 1 42 1 1 2 1 2 1 2 0
312 0 1 31 1 0 0 1 1 2 1 1
313 0 0 41 1 0 0 1 1 0 1 0
314 0 1 31 2 2 0 0 0 0 0 0
315 0 1 43 0 0 0 0 0 0 0 1
316 0 1 32 3 3 3 3 3 3 3 0
317 1 1 39 1 1 2 2 1 1 2 0
318 0 0 31 2 1 3 2 1 0 3 1
319 0 1 41 1 1 1 1 1 1 1 1
320 0 1 41 2 1 2 2 2 1 1 0
321 1 1 42 3 3 3 3 3 2 3 1
322 0 0 47 1 2 2 1 2 2 1 1
323 0 1 40 3 3 2 3 3 2 2 1
325 1 0 39 3 2 2 2 2 1 1 0
326 0 1 39 1 1 1 1 1 1 0 0
327 0 1 39 1 1 1 1 2 0 1 1
328 0 1 47 1 1 1 1 2 1 1 1
329 1 1 36 1 1 2 3 1 0 2 1
330 1 1 46 2 2 2 2 2 2 2 0
333 0 1 36 1 1 1 1 1 1 1 1
334 0 1 39 2 2 2 3 3 2 3 0
336 0 1 41 3 3 3 3 3 2 3 0
337 1 1 35 1 1 1 2 1 1 2 0
338 0 1 37 1 1 1 0 1 0 0 1
339 0 0 . 3 2 2 3 3 3 3 0
340 0 1 47 3 2 2 2 1 1 2 0
341 0 1 38 0 0 0 0 0 0 0 0
342 0 0 41 1 1 1 1 1 0 1 1
343 0 1 35 1 1 1 1 1 0 1 1
344 0 1 46 1 1 1 2 2 1 2 1
345 1 1 31 1 1 1 1 2 1 1 1
346 1 1 40 2 1 2 1 3 1 2 1
347 1 1 35 3 1 1 1 1 1 1 0
348 0 1 31 1 1 0 0 0 1 0 0
349 0 1 47 2 2 2 2 2 1 2 1
350 0 1 47 2 2 3 1 2 2 1 1
351 0 1 36 2 1 1 2 1 1 1 0
352 0 1 40 2 1 1 2 1 0 1 0
353 0 1 40 2 2 2 2 2 2 2 1
355 0 1 37 2 1 1 1 2 2 1 0
356 1 1 31 1 1 1 1 1 1 1 0
357 0 1 41 3 3 3 3 3 2 3 1
359 0 1 41 0 1 0 1 1 1 1 0
360 0 1 42 1 1 0 1 2 1 1 0
361 1 1 38 3 3 3 3 3 3 3 1
362 0 0 31 3 0 0 0 0 0 0 0
363 1 1 31 1 1 1 1 1 0 1 0
364 0 1 40 2 2 1 1 1 0 1 0
365 1 1 40 1 0 0 1 0 0 0 1
366 0 0 31 2 1 2 2 1 2 1 1
367 0 1 31 3 1 2 1 1 1 2 0
368 1 1 43 1 1 0 2 1 1 1 0
370 0 1 37 1 2 1 2 1 1 1 1
371 1 1 35 3 1 1 2 3 1 1 0
372 1 1 47 2 2 2 2 3 1 2 1
373 0 0 35 0 0 0 0 0 0 0 0
374 1 1 34 2 1 2 1 2 1 1 0
375 1 1 36 3 3 3 3 3 2 2 1
376 0 1 32 2 2 2 1 1 1 2 0
377 1 1 39 1 1 1 1 1 1 2 1
379 0 1 35 2 1 1 1 1 1 1 1
380 1 1 38 3 3 3 3 3 3 3 0
381 1 1 36 3 1 2 3 2 2 2 1
382 0 1 45 2 2 2 1 1 1 2 0
383 0 1 38 1 2 2 2 2 3 3 1
384 1 1 40 1 1 2 2 2 0 3 0
385 1 1 39 2 2 2 2 2 2 2 0
386 1 1 41 1 2 2 2 2 1 2 1
387 1 1 44 3 3 3 3 3 3 3 1
388 1 1 36 1 1 1 1 1 1 1 1
389 0 1 41 2 3 3 3 3 2 2 0
390 0 1 41 2 1 2 1 3 2 1 1
391 1 1 47 0 0 1 1 1 0 1 0
392 1 1 35 1 2 1 2 1 2 2 1
394 0 1 39 1 2 3 2 2 3 2 1
395 0 1 47 3 3 3 3 3 2 3 0
396 1 1 37 3 3 3 3 3 3 3 1
397 0 1 37 1 0 1 2 2 0 1 0
398 1 1 47 1 1 1 1 2 1 1 0
399 0 1 40 1 0 1 1 1 0 0 1
400 0 1 47 1 0 1 0 0 1 0 1
401 0 1 31 0 0 0 0 0 0 0 0
402 0 1 43 1 1 1 2 1 1 2 1
403 1 1 45 3 3 2 2 3 2 2 1
404 1 1 35 1 1 2 1 1 1 0 1
405 1 1 38 2 2 1 2 1 2 2 0
406 1 1 40 2 1 1 1 1 0 0 0
407 0 1 38 3 2 2 3 2 1 2 1
408 0 1 31 2 1 3 2 2 2 1 1
409 1 1 43 2 1 1 1 1 1 1 1
410 0 1 40 1 2 3 3 3 3 2 1
411 0 1 35 1 2 2 2 2 2 3 1
412 0 1 36 3 2 1 2 1 0 1 0
413 0 1 37 0 1 1 2 0 0 1 1
414 1 1 37 0 3 3 3 3 3 3 0
415 0 1 41 1 1 1 1 1 1 1 0
416 0 1 36 3 3 3 3 2 1 2 1
417 1 1 35 2 3 1 1 1 1 2 1
418 0 0 45 2 1 1 1 2 1 1 1
419 1 1 40 2 3 3 3 2 2 2 0
420 0 1 40 2 2 2 2 2 2 2 1
421 0 1 44 1 1 2 1 2 1 2 1
422 1 1 47 2 2 1 1 2 1 2 0
424 0 1 39 3 1 2 2 2 1 2 0
426 0 0 31 2 1 1 1 1 1 1 1
428 1 0 47 1 1 1 1 0 0 0 0
429 1 1 44 1 1 1 1 1 1 1 0
430 0 1 38 1 1 1 1 1 1 1 1
431 0 1 37 0 1 1 1 1 0 0 1
433 1 1 46 2 1 1 1 1 0 1 0
434 1 1 38 3 3 3 3 3 2 1 0
435 1 1 45 3 3 3 3 3 2 3 1
436 0 1 42 1 1 1 1 2 1 2 1
437 1 1 46 2 2 3 2 2 1 1 0
438 1 1 43 1 1 2 1 1 1 1 1
439 0 1 37 1 1 1 2 1 0 1 1
440 1 1 39 1 1 2 2 1 0 1 1
441 1 1 47 1 0 1 0 0 0 0 1
442 0 1 40 1 1 2 1 2 2 2 0
443 0 1 44 1 1 2 1 2 1 1 1
444 1 1 37 1 3 1 0 0 0 0 0
445 0 1 38 3 2 1 3 1 2 2 1
447 1 1 40 3 2 1 2 1 0 1 0
449 0 1 40 3 3 3 3 3 3 3 1
450 0 1 38 2 3 3 3 3 3 3 1
452 1 1 38 1 2 2 2 1 1 1 0
453 1 1 39 1 2 1 1 1 0 1 1
454 1 1 47 1 1 1 1 0 0 1 1
456 0 1 34 3 1 3 2 2 3 1 0
457 0 1 33 1 1 1 1 2 0 1 1
458 0 0 36 1 1 2 2 2 1 1 1
459 1 1 42 3 3 3 3 3 1 1 1
460 0 1 47 1 0 1 2 1 0 1 0
461 0 0 31 0 1 0 1 0 1 0 1
462 1 1 47 1 1 1 1 1 1 1 1
463 0 1 38 1 1 1 1 1 1 1 0
466 1 1 37 2 2 2 2 2 1 2 0
467 1 1 31 1 1 1 1 1 1 1 0
468 0 1 34 2 3 1 2 2 2 3 1
469 1 1 44 2 2 2 2 2 1 1 1
470 0 1 31 3 2 2 2 1 2 2 1
472 1 1 35 1 1 1 1 1 1 1 0
473 0 1 43 1 1 0 0 0 0 0 0
474 1 0 41 0 1 1 1 1 0 0 0
475 0 1 47 0 1 1 1 0 1 1 0
476 0 1 35 2 1 1 1 1 0 1 1
477 1 1 44 1 1 3 2 2 1 1 0
478 1 1 39 0 1 0 1 0 0 0 0
480 1 1 31 0 1 2 1 1 0 0 0
481 0 0 31 0 1 0 1 0 0 0 0
482 0 1 47 1 1 1 1 0 0 0 0
483 0 1 42 2 2 2 2 3 3 2 0
485 1 1 31 0 0 0 1 0 1 0 1
486 1 1 47 2 1 2 1 1 1 0 0
487 0 1 44 2 1 1 1 1 2 2 1
488 0 1 46 1 1 2 2 1 1 1 0
489 0 1 37 2 2 2 1 3 2 2 0
490 0 1 41 1 2 2 2 2 1 2 1
491 0 1 40 2 2 3 2 2 3 1 1
493 0 1 37 2 1 2 2 1 1 3 0
494 1 1 31 1 1 1 1 1 1 1 0
495 1 1 31 1 1 2 1 1 1 1 0
496 1 1 42 1 1 2 2 2 2 2 1
497 1 1 40 1 1 1 1 1 1 1 0
498 0 1 47 3 3 3 2 3 1 2 1
500 1 1 47 2 1 2 1 2 1 1 0
501 1 1 43 2 1 2 2 2 1 1 0
503 0 1 38 1 1 2 1 2 1 1 1
504 1 1 47 2 2 2 2 3 1 2 0
505 1 0 47 1 1 1 1 0 0 1 1
506 1 0 40 1 1 2 2 1 1 1 1
507 0 1 34 1 1 2 1 2 0 0 0
508 1 0 45 2 2 2 2 2 2 2 0
509 0 1 39 1 1 2 2 1 1 2 1
510 0 1 40 1 1 2 2 2 0 2 1
511 1 1 40 3 3 3 3 3 3 3 1
512 0 1 39 1 1 1 1 1 2 1 1
513 1 1 39 1 1 1 2 1 1 1 1
514 0 1 45 2 2 2 2 1 1 2 1
515 0 1 42 3 3 3 3 2 2 3 0
516 0 1 34 0 0 0 0 0 0 0 1
517 0 1 47 2 2 1 1 2 1 1 1
519 1 1 46 1 1 1 1 2 2 0 0
520 0 1 35 0 0 0 1 0 1 1 0
522 0 0 47 1 1 2 1 2 2 1 1
524 0 1 47 3 3 3 3 2 1 1 0
525 0 1 36 3 3 3 3 3 3 3 1
526 0 1 39 3 3 3 3 3 3 3 0
528 1 1 40 2 2 1 1 0 0 1 0
529 1 1 47 3 1 1 1 1 0 1 1
530 1 1 43 3 3 2 2 2 2 2 0
531 1 1 45 3 3 3 3 3 2 3 1
532 0 1 41 2 1 1 1 1 1 0 1
533 0 1 47 2 2 2 2 2 2 2 0
534 0 1 47 1 2 2 1 2 2 1 0
536 0 1 31 1 1 1 2 1 0 1 0
537 0 1 32 2 3 2 3 2 0 1 0
538 1 1 32 1 1 1 1 1 0 1 0
539 1 1 47 1 1 1 1 1 1 1 0
540 1 0 43 1 0 0 0 0 0 0 0
541 0 1 38 2 2 2 2 2 1 2 0
542 0 1 44 2 1 2 2 1 1 1 1
543 1 1 33 1 1 2 2 2 2 2 0
544 1 1 47 2 2 2 2 2 2 2 1
545 0 1 46 3 1 2 2 2 2 2 1
548 0 1 37 1 0 1 0 0 1 1 1
549 0 1 38 1 1 0 1 1 0 0 0
550 1 1 46 1 2 1 1 1 1 1 1
552 0 1 45 2 2 3 3 2 1 2 1
553 0 1 35 2 2 1 1 1 0 1 1
554 1 1 47 2 2 1 1 1 1 1 0
555 1 1 38 2 3 3 1 2 1 1 1
556 0 1 39 1 0 0 1 1 1 1 1
557 0 1 39 2 1 1 0 1 2 1 1
558 1 1 39 1 2 2 1 1 1 1 0
559 0 1 37 1 1 1 1 2 0 0 1
562 0 1 46 1 1 1 1 1 0 1 0
563 1 1 31 3 2 3 3 2 2 3 0
564 0 1 47 3 2 2 1 2 2 2 0
565 0 0 31 1 1 1 1 1 1 2 1
566 0 1 31 2 1 2 2 1 1 1 0
567 1 1 47 0 1 1 0 1 1 0 1
568 1 1 41 2 2 2 2 2 1 1 1
569 0 1 32 1 1 1 1 1 1 1 1
570 1 1 47 3 3 3 3 3 2 3 1
573 0 1 42 1 1 1 1 1 1 1 0
574 1 1 36 1 0 0 1 3 3 2 1
575 0 1 39 1 1 2 1 1 1 1 0
577 1 1 32 1 1 1 1 1 1 1 0
578 1 1 44 1 1 1 1 1 1 1 1
579 0 0 46 0 0 1 0 1 0 1 0
581 0 1 47 2 2 3 3 3 2 2 0
582 1 1 31 0 1 1 1 0 1 0 1
583 1 0 35 1 0 1 0 0 1 1 1
584 1 1 38 3 3 3 2 2 1 2 1
585 1 1 40 1 0 2 1 2 2 2 0
586 1 1 35 2 1 2 2 2 2 2 0
587 0 1 35 1 1 1 1 1 2 3 1
589 0 1 43 1 1 2 2 2 2 2 0
590 1 1 42 2 1 1 1 2 1 1 1
591 1 1 38 1 2 2 3 1 2 2 1
592 0 1 47 2 0 3 1 1 0 0 0
593 1 1 46 0 1 1 1 2 1 0 0
595 0 1 31 1 1 1 1 1 3 1 0
596 0 1 40 2 1 1 1 1 1 3 0
597 0 1 45 1 0 1 1 1 0 1 0
598 1 1 47 1 1 2 2 1 1 1 0
599 0 1 31 0 0 0 0 0 0 0 0
600 1 1 38 1 1 1 1 1 0 1 0
601 0 1 31 0 1 3 1 3 0 1 0
602 1 1 40 3 2 2 2 2 1 2 1
603 1 1 31 1 1 2 2 2 2 2 0
604 1 1 40 1 1 1 1 2 0 2 0
606 1 1 40 2 2 3 3 3 1 2 0
607 1 1 38 3 2 2 2 2 2 2 1
608 1 1 38 1 1 1 1 1 1 1 0
609 1 1 35 2 1 1 1 2 1 1 0
610 0 1 37 1 1 2 2 2 1 2 1
611 0 1 31 3 2 3 1 3 0 0 1
612 1 1 47 3 3 3 3 3 2 2 0
613 0 1 47 1 1 1 1 1 1 1 1
614 1 0 36 1 0 1 1 2 2 1 0
615 1 1 46 1 1 3 3 1 1 1 0
616 1 1 42 0 0 0 0 0 0 0 0
617 0 1 31 2 1 3 2 1 1 3 1
618 0 1 46 2 2 2 2 2 2 3 0
620 0 1 42 1 1 1 2 1 1 1 0
621 0 1 31 1 0 1 1 0 1 0 0
622 0 1 47 1 1 1 1 1 1 0 0
623 1 1 37 1 1 1 1 1 2 1 0
624 0 1 38 1 2 2 2 1 2 1 1
625 1 1 38 2 2 3 2 2 1 2 1
626 0 1 41 2 2 2 2 2 1 2 1
627 0 1 37 1 1 2 1 1 1 1 0
628 0 1 36 1 1 1 1 1 0 1 0
629 1 1 31 2 2 1 1 2 1 1 1
630 1 1 46 2 1 1 1 1 0 2 0
631 0 1 41 2 1 2 2 2 1 1 0
632 1 1 44 3 0 1 1 0 0 2 0
633 0 1 31 1 1 1 1 1 1 0 0
634 0 1 31 2 2 2 2 1 1 3 0
636 1 0 44 1 2 2 1 2 1 1 0
638 0 1 38 2 2 2 2 2 2 3 1
639 0 1 42 2 1 1 1 2 1 1 0
640 0 0 47 1 0 1 1 1 2 0 1
641 0 1 39 1 1 1 2 1 0 1 0
642 1 1 43 1 1 0 1 1 1 1 0
643 0 1 42 1 1 1 1 1 3 3 1
644 0 1 47 3 3 3 3 1 1 3 1
646 1 1 47 1 1 1 1 1 1 1 1
647 1 1 47 3 2 2 2 3 1 3 0
648 1 1 31 3 3 3 3 3 3 3 1
649 1 1 38 1 1 1 1 1 1 1 0
650 0 1 36 1 2 2 2 2 2 1 1
651 0 1 40 1 1 1 1 1 1 1 1
652 0 1 34 1 1 1 1 1 1 1 1
653 1 1 37 1 1 1 1 1 1 1 1
655 0 1 36 3 3 3 2 3 3 0 1
657 1 1 44 2 1 2 1 1 1 1 1
658 1 1 42 1 1 1 1 1 1 1 0
660 1 1 31 2 1 2 1 3 2 3 1
661 1 1 40 1 1 1 1 2 1 2 1
662 0 1 31 1 0 0 1 2 2 1 0
663 0 1 31 2 1 1 1 1 0 1 0
665 1 1 43 1 2 3 3 2 1 2 0
666 0 1 35 1 1 2 2 3 1 0 1
667 1 1 31 0 0 1 1 0 0 0 0
670 1 1 47 1 1 1 1 1 1 1 0
671 1 1 33 0 0 0 1 0 0 1 0
672 0 0 31 0 0 0 0 0 1 0 0
673 0 1 47 3 2 3 3 2 2 2 1
674 1 1 40 0 0 0 0 0 0 1 0
675 1 1 39 1 2 3 3 3 1 1 1
676 0 1 37 0 0 0 0 0 0 0 0
677 1 1 38 3 3 3 2 3 1 3 1
678 0 1 40 3 2 2 1 1 1 1 1
679 0 1 31 1 0 2 2 0 1 2 0
680 1 1 43 2 2 3 1 2 1 1 1
681 0 1 39 1 1 1 1 1 1 1 0
682 0 1 36 3 3 3 3 2 2 2 0
683 0 1 31 1 1 1 1 2 1 1 0
685 0 1 46 0 0 0 0 0 0 0 1
686 1 1 38 1 1 1 1 1 1 1 1
687 0 1 38 2 2 2 2 2 2 1 0
688 0 1 37 3 3 2 3 3 2 3 1
690 1 1 43 1 1 0 1 1 0 1 1
691 0 1 38 2 3 3 2 2 2 1 0
692 1 1 40 2 2 2 3 3 3 2 1
693 0 1 39 1 1 1 1 1 1 1 0
694 1 1 41 2 2 2 2 2 1 1 1
695 1 1 39 1 1 1 1 1 1 1 1
696 0 1 40 1 1 1 1 1 1 1 0
697 0 1 39 3 2 3 2 2 2 2 1
698 1 1 31 1 1 0 1 1 0 0 1
699 1 1 43 3 2 3 2 2 1 3 1
700 0 1 31 1 1 1 1 1 2 1 1
701 1 1 39 3 3 2 3 2 1 3 1
702 0 1 38 2 2 2 2 3 2 1 0
703 0 1 38 2 2 3 2 2 3 2 0
704 1 1 42 2 2 3 3 3 1 3 1
705 0 1 38 1 1 2 1 2 0 1 1
706 0 1 40 2 2 2 2 2 1 1 1
707 1 1 38 1 1 2 2 2 2 2 1
708 0 1 33 3 2 3 2 2 2 2 1
709 1 1 45 1 1 1 1 1 1 1 1
710 1 0 41 1 1 1 1 1 0 1 1
711 1 1 45 1 1 0 0 1 1 0 1
712 0 1 31 2 2 3 1 1 0 2 0
713 0 1 40 1 1 0 0 0 0 0 1
715 0 1 34 3 2 3 2 3 2 3 1
716 0 1 41 1 1 1 1 1 1 1 0
717 1 1 34 2 2 2 2 2 1 1 0
718 1 1 31 1 1 2 1 1 1 1 0
719 1 1 37 3 3 3 2 2 1 2 0
720 0 1 39 3 3 3 2 3 3 3 1
721 0 1 44 3 3 3 3 3 2 2 1
722 1 1 47 2 2 2 1 2 1 2 0
724 0 1 44 1 1 1 1 1 1 1 1
725 0 1 35 2 1 1 1 1 1 1 1
726 1 1 43 1 1 0 0 1 0 1 1
727 1 1 39 2 3 3 3 3 3 3 1
728 1 1 34 3 2 2 2 2 2 2 1
729 0 1 45 1 1 1 1 1 1 1 0
730 0 1 37 3 2 3 3 3 3 3 0
731 1 0 37 1 1 1 1 1 1 1 0
732 1 1 43 2 2 1 1 1 0 0 0
733 1 1 31 1 3 1 1 1 1 2 1
734 0 1 38 2 1 1 1 1 2 1 1
737 1 1 47 2 1 2 2 1 1 2 1
738 0 1 43 0 0 0 0 0 0 0 0
739 0 1 45 1 0 0 1 0 0 1 1
741 1 1 46 2 2 2 2 2 2 2 1
742 1 1 46 2 1 3 1 3 2 2 0
743 1 1 41 1 1 1 1 1 1 1 1
744 0 0 46 2 2 2 2 2 2 2 1
745 1 1 36 0 1 1 1 1 1 1 0
746 1 1 43 1 1 1 1 1 1 1 0
747 0 1 44 3 2 3 3 3 2 3 1
748 1 1 40 3 3 3 3 3 3 3 0
750 1 1 39 2 2 2 3 2 2 3 0
751 1 1 47 2 1 2 2 2 1 2 0
752 0 1 47 1 2 2 2 1 1 2 1
753 1 0 45 0 0 0 0 0 0 0 1
755 0 1 41 2 2 2 3 3 2 2 0
756 1 1 39 1 1 1 1 2 1 2 1
757 0 1 39 3 3 3 2 2 0 2 0
758 0 1 46 2 2 3 3 3 2 1 0
759 0 1 31 1 2 3 2 1 2 3 1
760 0 1 44 1 1 1 1 1 0 1 0
762 1 1 34 1 1 1 1 1 1 1 1
763 0 1 31 1 1 0 0 1 1 1 1
764 1 1 37 1 1 2 1 2 1 2 1
765 0 1 47 1 1 1 1 1 0 1 1
766 0 1 47 1 1 1 1 1 1 1 0
767 0 1 32 1 2 1 1 1 1 1 1
768 0 1 47 1 2 3 3 2 1 1 0
769 0 1 46 2 2 2 2 2 1 1 0
770 0 1 40 1 1 1 1 1 1 1 1
771 1 1 43 0 0 0 0 0 0 0 0
772 1 1 39 2 2 1 1 1 1 1 0
774 1 1 35 2 2 3 2 2 0 0 0
775 0 1 42 1 1 1 2 1 1 1 1
776 0 1 39 2 2 2 2 1 1 2 1
777 1 0 47 1 1 2 2 1 1 2 1
778 0 1 47 1 1 1 1 1 0 1 1
779 1 1 42 3 3 2 2 2 0 0 0
780 0 1 37 2 2 3 3 2 2 1 0
782 1 1 36 0 1 0 1 1 0 1 0
783 1 1 34 2 3 3 2 3 2 2 1
784 1 1 31 2 2 2 2 2 2 2 1
785 0 1 34 3 3 3 3 3 3 3 0
786 0 1 42 2 1 1 1 2 1 2 0
788 0 1 47 1 1 1 1 1 1 1 0
789 0 1 39 1 1 1 1 0 1 1 1
790 1 1 46 1 1 1 1 1 1 1 1
792 1 1 39 3 2 3 3 3 2 3 0
793 0 1 43 1 1 1 1 1 1 1 0
794 1 1 45 2 2 2 2 2 1 1 0
795 0 1 33 0 1 1 1 1 1 1 0
796 1 1 41 3 3 3 3 3 2 3 0
797 1 1 43 2 1 2 2 1 2 2 1
798 1 0 31 2 1 1 2 1 1 1 1
799 1 1 40 1 1 1 2 1 0 1 0
801 1 1 37 2 1 3 3 3 2 2 0
802 1 0 31 3 3 2 3 2 2 2 0
804 1 1 31 1 2 2 1 2 1 2 0
805 0 1 47 1 1 1 1 1 1 1 0
806 0 1 34 3 2 2 2 2 1 3 1
807 0 1 37 1 1 1 1 1 1 1 1
808 1 1 40 3 3 3 3 3 2 3 0
809 0 1 35 1 1 2 1 2 1 1 0
811 0 1 38 1 1 2 1 1 1 1 1
812 1 1 40 2 2 3 3 3 1 3 0
813 0 0 31 3 1 2 1 2 1 1 1
814 1 1 33 2 2 3 1 1 1 1 0
815 0 1 47 1 1 1 1 1 1 1 0
816 0 1 39 1 1 2 1 1 1 1 0
817 0 1 41 1 1 1 1 1 1 1 1
818 1 1 38 2 2 3 3 2 1 1 0
819 0 1 47 2 3 3 3 3 3 3 1
820 0 1 39 0 0 0 0 0 0 0 1
821 1 1 32 1 1 2 1 1 1 1 1
822 0 1 42 1 0 1 1 1 0 1 1
823 0 1 35 2 1 1 1 1 1 1 0
824 0 1 47 3 2 2 2 1 1 2 1
825 0 1 40 1 1 1 1 1 1 1 0
826 0 1 40 1 1 1 2 0 1 1 0
827 1 1 44 2 2 2 2 2 0 2 0
828 0 1 40 1 1 1 1 1 0 1 0
829 1 1 31 1 1 1 1 1 0 1 0
830 1 1 39 3 3 3 3 3 1 3 0
831 0 0 39 1 1 1 1 1 1 1 0
832 0 1 37 2 1 1 1 1 1 1 0
833 1 1 41 1 1 1 1 1 1 1 0
834 0 1 38 1 1 1 1 1 1 1 1
835 1 1 36 1 1 1 1 1 1 1 0
836 0 1 41 2 0 2 1 1 0 1 1
837 0 1 37 1 1 1 1 0 1 0 1
838 0 1 39 1 1 1 1 1 2 1 1
839 0 1 42 1 1 1 1 0 1 0 0
840 1 1 34 0 0 0 0 0 0 0 1
841 1 1 35 2 1 1 1 1 1 1 0
842 0 1 40 1 0 0 0 0 0 0 1
843 0 1 42 3 2 2 3 2 2 1 1
844 1 1 35 1 1 0 2 2 2 1 0
845 1 1 41 1 1 1 1 1 1 1 1
846 0 1 43 2 2 1 1 1 1 2 1
847 1 1 33 1 2 3 1 2 1 3 0
848 1 1 43 1 1 1 1 1 2 1 1
849 0 1 41 2 1 1 1 1 1 1 1
850 1 1 38 1 1 1 1 1 2 1 1
851 0 1 38 1 2 1 1 1 1 1 1
852 1 1 37 1 1 1 1 0 1 0 1
853 1 1 41 2 2 2 2 3 3 2 0
854 1 1 45 1 0 2 2 1 1 1 0
855 0 1 47 0 1 3 1 1 3 1 0
856 1 1 39 1 1 1 1 1 0 1 0
858 1 1 41 0 0 1 0 0 0 0 1
860 0 1 31 2 2 1 1 1 1 1 1
861 1 1 31 0 0 0 0 0 0 0 0
862 0 1 39 1 1 1 1 0 0 1 1
863 1 1 43 0 0 0 0 0 0 0 1
864 1 1 47 1 2 3 2 3 0 1 1
865 1 1 38 1 1 2 1 2 2 1 0
866 0 0 40 1 0 1 1 2 1 1 0
868 0 1 39 1 1 1 1 1 2 2 0
869 1 1 47 2 3 2 2 2 3 3 1
870 0 1 40 2 2 3 2 3 1 1 0
871 0 1 41 2 1 2 3 3 1 1 1
872 1 1 36 2 3 3 2 2 1 2 1
873 1 1 38 1 1 0 1 0 0 0 0
874 0 1 39 1 1 1 1 1 0 1 1
875 1 1 46 1 1 1 2 1 0 1 1
876 1 1 40 1 2 3 2 2 1 1 1
877 0 1 39 2 2 3 2 3 2 2 0
880 0 1 41 2 2 1 2 1 0 1 1
882 1 1 42 0 0 0 0 0 0 0 0
883 1 1 46 3 1 1 2 1 1 1 1
884 0 1 31 0 0 0 0 0 1 0 0
885 0 1 40 1 1 0 2 1 0 0 1
886 0 1 44 1 1 1 1 1 1 1 1
887 1 1 47 2 1 2 1 2 0 1 1
888 0 1 40 1 2 1 1 1 0 1 1
889 1 1 40 3 2 3 2 2 1 2 1
890 0 1 31 1 1 1 2 0 1 0 0
891 1 1 35 1 1 2 2 1 1 1 0
892 1 1 46 2 2 2 2 2 1 2 1
893 1 1 43 0 2 1 1 0 1 0 1
895 0 1 36 3 2 3 3 2 2 3 0
896 0 0 42 2 2 1 2 1 0 1 0
897 1 1 47 1 1 1 1 1 1 1 1
898 0 1 39 1 3 2 2 2 1 1 0
899 0 1 38 1 0 1 1 0 0 0 0
900 1 1 46 3 3 3 3 3 0 2 1
901 0 0 34 1 1 2 1 1 2 1 1
902 0 1 33 1 2 3 3 3 1 2 1
903 1 1 45 1 1 2 2 3 2 2 1
904 1 1 47 1 1 1 0 1 1 0 0
905 1 0 31 3 3 3 3 3 3 3 1
906 0 1 38 2 2 2 2 1 1 1 1
907 1 0 40 3 3 2 2 2 2 2 0
908 0 0 42 0 0 0 0 0 0 0 1
909 0 1 47 2 2 2 2 2 1 2 1
910 1 1 31 0 0 3 3 3 1 1 1
911 1 1 39 1 2 1 1 1 1 1 1
912 0 1 38 1 1 2 1 1 2 1 1
913 1 1 47 3 2 3 3 3 1 2 0
914 0 1 37 1 2 2 1 1 1 1 1
915 1 1 31 1 1 3 3 1 0 1 0
916 1 1 40 1 2 2 1 1 2 1 0
917 1 1 39 2 1 2 1 3 2 2 1
918 0 1 41 2 1 2 1 1 1 1 0
920 0 1 47 3 2 2 2 2 2 2 0
921 1 1 37 1 1 1 1 1 1 1 0
922 1 1 43 2 1 1 1 1 1 1 0
924 0 1 35 1 2 2 2 3 2 3 1
925 0 1 42 2 3 1 1 2 2 2 1
926 0 1 31 2 2 2 1 1 0 0 1
927 0 1 38 3 3 3 3 3 3 3 0
928 0 1 36 1 1 2 1 2 1 1 0
929 0 1 44 2 2 2 3 2 1 2 0
931 0 1 38 3 2 3 1 0 1 1 0
932 1 1 33 0 1 1 0 1 0 1 1
934 0 1 46 2 3 3 1 3 3 2 1
935 1 1 42 2 1 3 2 2 1 2 1
936 1 1 39 2 1 1 1 1 1 1 1
938 0 1 37 2 2 2 2 2 1 1 0
939 1 1 41 1 1 1 1 2 2 1 1
940 1 1 39 1 2 2 1 2 1 1 0
941 1 1 39 1 0 0 0 1 0 0 1
942 1 1 37 2 2 2 2 2 2 2 1
944 1 1 36 0 1 1 1 1 0 1 0
945 1 0 42 1 1 1 1 1 1 1 0
946 1 1 40 3 2 3 3 2 2 2 1
947 1 1 37 0 1 0 2 0 1 0 0
949 1 1 38 1 2 1 2 2 1 1 0
950 0 1 39 3 2 3 2 2 0 1 1
951 1 1 37 1 1 3 3 3 1 1 1
952 1 1 35 2 2 2 2 2 1 2 0
953 1 1 42 1 1 1 1 3 1 1 1
954 0 1 42 1 1 0 1 0 1 1 1
955 1 1 47 1 1 1 1 1 1 1 0
956 0 1 39 1 1 0 1 1 0 0 0
957 1 1 41 1 2 2 1 2 1 2 1
958 1 1 31 0 0 0 0 0 0 0 0
959 0 1 38 2 2 3 3 3 3 3 0
960 0 1 32 0 0 0 1 0 0 0 1
961 0 1 31 2 1 3 3 2 1 3 0
962 0 1 47 1 1 0 1 0 1 1 1
963 0 1 31 2 1 1 1 2 1 1 0
964 0 1 36 2 1 2 1 1 1 1 1
967 1 1 31 0 0 0 0 0 0 0 1
968 1 1 46 1 1 1 1 2 1 1 1
970 0 0 31 3 0 1 2 2 2 2 1
971 1 1 37 1 1 1 1 1 1 1 1
972 0 1 31 1 0 0 1 0 0 0 1
973 0 1 47 2 2 3 1 2 1 2 1
975 1 1 31 1 1 0 1 0 0 0 0
976 0 1 31 2 1 1 2 1 1 1 1
977 0 1 31 0 0 0 0 0 0 0 1
978 0 1 35 2 2 2 2 2 2 2 1
979 0 1 32 2 0 2 2 2 0 2 1
980 0 0 31 0 1 2 1 2 1 1 0
981 1 1 45 2 1 1 1 1 1 1 0
982 1 1 43 1 2 1 1 1 1 1 0
983 1 1 34 1 2 2 1 1 1 1 1
985 0 1 45 2 2 2 3 2 2 2 0
987 0 1 . 1 1 2 1 2 0 1 1
988 0 1 37 0 0 0 0 0 0 0 1
989 0 1 47 2 1 2 1 1 1 1 1
990 1 1 42 2 1 2 1 2 0 2 0
992 1 1 40 1 1 1 1 0 1 0 1
993 0 1 36 1 1 1 1 1 1 1 1
994 0 1 40 1 1 1 2 0 1 1 0
995 0 1 34 3 1 1 1 1 2 1 0
996 1 1 33 1 1 3 1 3 1 2 1
997 1 1 33 1 1 2 1 2 1 2 1
1000 0 1 34 3 3 3 3 3 3 3 1
1001 1 1 37 1 1 2 2 1 1 1 1
1002 1 1 44 2 2 2 2 2 1 2 1
1003 1 1 37 1 3 3 2 2 2 2 0
1004 0 1 36 3 2 2 2 3 2 2 0
1005 1 1 35 2 2 2 3 3 2 2 1
1006 0 1 36 0 2 2 2 1 1 1 0
1007 0 1 35 3 3 3 3 1 1 3 1
1008 1 1 40 1 1 2 1 1 2 1 1
1009 0 1 43 1 2 2 1 1 1 1 1
1010 1 1 43 1 1 3 2 3 1 3 1
1011 1 1 40 2 2 3 2 2 2 2 1
1012 1 1 47 2 3 3 3 2 2 3 0
1014 0 1 43 2 2 2 1 1 1 1 0
1015 0 1 35 1 1 1 1 0 0 0 1
1016 1 1 42 2 2 2 2 2 1 2 1
1017 0 1 46 1 1 1 1 1 1 1 1
1018 0 1 45 2 2 2 2 2 2 2 1
1019 0 1 37 3 3 3 3 3 3 3 0
1021 1 1 35 1 1 1 1 1 1 1 1
1022 0 1 47 1 1 2 1 2 1 2 1
1023 0 0 31 2 2 2 2 1 1 1 0
1024 1 1 47 0 1 0 1 1 0 1 0
1026 1 1 38 0 0 1 1 1 0 1 0
1027 1 1 37 2 1 1 1 1 1 1 0
1029 1 1 44 1 1 1 1 1 0 1 0
1030 1 1 39 0 0 0 0 0 0 0 0
1031 0 1 46 1 2 2 1 1 0 1 1
1032 0 1 33 1 0 0 1 0 0 0 0
1033 0 1 41 1 1 1 1 1 1 1 0
1034 1 1 33 1 0 1 1 1 0 0 0
1037 1 1 42 3 3 3 3 3 3 2 1
1038 0 1 42 2 1 2 1 2 2 1 1
1039 0 1 41 3 2 3 2 2 1 1 1
1040 1 1 43 2 1 2 1 1 1 2 0
1041 0 1 47 1 1 1 1 1 1 1 0
1042 1 1 32 1 1 1 1 1 1 1 0
1043 0 1 47 3 3 3 3 3 3 3 0
1044 0 1 42 2 2 2 2 2 1 2 1
1045 0 1 31 2 1 1 1 1 0 1 1
1046 1 1 44 1 1 1 1 1 2 3 1
1047 1 1 36 1 2 2 1 1 2 2 1
1048 0 1 47 3 3 3 3 3 1 2 0
1050 0 1 38 2 2 1 1 2 1 2 0
1051 1 1 41 2 1 2 1 2 2 2 0
1052 1 1 45 0 2 0 0 0 0 0 0
1054 0 1 35 1 2 1 1 1 1 1 0
1055 1 1 47 1 1 1 1 1 1 2 0
1056 1 1 36 3 3 3 2 3 3 3 1
1057 0 1 37 2 3 3 3 2 2 2 0
1058 0 1 47 2 1 2 1 3 1 2 1
1059 1 1 31 1 0 1 1 1 1 1 0
1060 1 1 44 3 3 3 3 3 3 3 0
1061 0 1 39 3 2 2 2 2 0 1 1
1062 1 1 47 1 1 1 1 1 0 1 0
1064 1 1 33 1 1 1 1 1 1 1 1
1065 0 1 40 1 0 2 2 3 1 1 0
1066 0 1 31 2 1 1 1 1 1 1 0
1067 0 1 42 2 2 2 2 2 1 2 1
1068 1 1 34 3 2 3 3 2 2 3 0
1070 0 1 47 0 1 1 0 0 0 0 1
1071 1 1 36 1 1 1 1 1 1 1 1
1072 1 1 39 1 1 1 1 1 1 1 0
1074 1 1 41 2 2 2 2 2 1 1 0
1076 0 1 40 1 2 1 1 1 1 0 1
1077 1 1 36 1 2 1 2 0 1 1 0
1078 0 1 35 0 0 0 0 0 0 0 0
1079 1 1 34 3 3 3 3 3 3 2 1
1080 0 0 37 2 1 2 1 1 1 2 0
1081 1 1 31 3 2 0 1 0 1 1 0
1084 1 0 31 1 2 1 1 1 0 1 1
1085 0 1 40 1 1 2 0 0 0 0 1
1086 0 1 47 1 2 2 1 2 1 2 0
1087 0 1 37 1 1 2 2 2 1 1 0
1088 0 1 34 2 1 2 2 2 1 1 0
1089 0 1 40 0 0 0 1 0 0 0 1
1090 0 1 47 1 2 1 2 1 1 1 0
1091 0 0 40 2 1 1 2 1 1 1 0
1092 1 1 41 1 0 0 1 1 1 1 1
1093 1 1 47 1 1 1 1 1 0 1 0
1094 1 0 47 1 1 1 1 1 1 1 0
1095 1 1 47 3 3 3 3 3 3 1 1
1096 1 1 47 2 1 2 1 1 0 2 0
1098 0 1 34 1 1 1 1 1 0 1 0
1099 1 1 43 1 1 2 2 2 1 1 1
1100 1 1 44 1 1 2 2 1 1 1 1
1101 0 1 37 2 0 1 2 1 0 1 1
1102 0 1 38 1 1 2 2 2 1 1 0
1103 0 1 35 2 2 1 1 1 1 2 0
1104 0 1 45 3 2 2 1 1 1 1 0
1105 1 0 42 0 0 0 0 0 0 0 1
1106 1 1 41 2 1 0 0 0 0 1 0
1107 0 1 40 0 1 3 1 1 3 2 0
1108 0 1 35 2 2 3 1 1 1 0 1
1109 0 1 39 0 0 1 1 2 1 1 0
1110 1 1 43 1 1 2 1 1 1 2 1
1111 0 1 44 1 1 1 1 1 1 1 1
1112 0 0 39 2 3 1 2 2 1 1 0
1113 0 1 45 2 1 2 1 1 1 1 0
1114 1 1 47 1 1 1 0 1 1 1 0
1115 1 1 42 1 1 1 1 1 0 1 1
1116 1 1 44 3 2 2 2 2 1 2 1
1117 0 1 45 3 2 2 2 2 1 1 0
1118 0 1 47 2 3 3 2 2 2 3 0
1119 0 1 31 2 1 1 2 1 1 2 1
1120 0 1 44 1 1 0 0 0 0 0 0
1121 1 1 43 2 2 2 2 2 2 2 1
1122 1 1 31 3 2 1 2 1 1 1 0
1123 1 1 35 1 2 2 2 1 1 1 0
1124 1 1 46 1 2 2 3 2 1 1 0
1125 1 1 34 0 0 0 1 1 0 0 0
1126 1 1 40 2 1 2 2 2 1 1 0
1127 0 1 40 3 2 2 3 3 2 1 0
1128 1 0 42 0 0 0 0 0 0 0 1
1129 0 1 42 2 1 1 2 1 0 2 0
1130 1 0 31 0 0 0 0 1 1 0 1
1131 1 1 38 2 1 1 2 2 1 1 1
1132 1 0 31 1 1 1 1 2 1 1 1
1133 0 1 39 1 1 1 1 1 1 1 0
1134 1 1 42 1 1 2 1 2 1 2 1
1135 1 1 47 2 2 2 2 2 2 2 1
1136 1 1 46 3 1 1 2 1 0 0 1
1137 0 1 35 2 1 2 3 2 2 3 0
1138 1 1 44 1 1 1 1 1 1 1 0
1139 0 1 46 1 1 2 2 1 1 1 1
1141 0 1 47 2 3 3 3 3 3 3 0
1142 0 0 40 1 1 1 2 1 1 1 0
1143 0 1 38 1 1 1 2 2 1 2 1
1144 1 1 40 1 0 0 1 1 0 0 0
1145 0 1 39 2 2 2 2 2 1 2 0
1146 1 1 37 2 1 1 1 1 1 1 1
1147 0 1 47 1 1 1 1 1 1 1 1
1148 1 1 42 1 0 1 1 3 1 3 1
1149 0 1 41 1 1 1 1 1 1 1 1
1150 1 1 47 1 1 2 2 3 1 3 1
1151 0 0 45 1 0 1 1 1 0 1 0
1152 0 1 47 3 3 3 3 3 3 2 1
1153 1 1 42 2 2 2 2 2 1 2 0
1156 0 1 35 2 2 2 2 2 1 2 1
1157 0 1 40 1 1 2 1 3 1 1 1
1158 0 1 38 2 1 2 1 2 1 1 0
1159 1 1 35 2 2 2 3 3 1 1 1
1160 1 0 43 1 1 1 1 1 0 0 1
1161 0 1 31 2 1 2 3 1 2 0 1
1162 1 1 47 1 1 0 3 3 0 1 0
1163 0 1 42 2 2 3 2 3 1 2 1
1165 0 1 47 3 3 3 2 3 1 2 0
1168 1 1 34 0 0 1 0 0 0 2 0
1170 0 1 41 3 3 3 3 3 1 2 1
1173 0 1 39 2 1 2 3 1 2 1 0
1174 1 1 40 3 1 1 1 1 1 1 1
1175 1 1 32 1 1 1 1 1 1 1 1
1176 0 0 37 1 1 1 1 1 0 2 1
1177 1 1 46 0 1 1 1 1 1 1 1
1178 1 1 36 1 1 1 1 1 0 0 1
1180 1 1 35 1 0 3 2 2 2 2 1
1181 1 1 40 1 0 1 0 1 0 0 1
1182 0 1 41 2 2 2 3 3 2 3 1
1183 0 1 47 3 3 3 3 3 3 3 0
1184 1 1 42 1 1 2 2 1 1 2 1
1186 0 1 31 1 1 1 0 1 0 1 0
1187 0 1 45 3 2 1 1 1 0 0 0
1188 1 1 33 1 1 1 1 1 1 1 1
1189 1 1 39 3 2 2 2 2 1 2 1
1190 0 1 42 2 2 3 2 3 3 3 1
1191 0 1 47 2 2 1 2 1 0 1 1
1192 0 1 40 2 1 2 2 1 1 2 0
1193 0 1 35 2 1 1 3 1 0 3 1
1194 1 1 47 2 3 3 2 3 1 2 1
1195 0 1 34 1 1 2 1 2 2 2 1
1196 1 1 47 2 2 2 2 1 1 2 0
1197 0 1 31 0 0 1 0 0 0 0 1
1198 1 1 31 1 1 2 2 2 1 1 1
1199 0 0 31 0 0 0 0 0 0 0 0
1201 0 1 37 1 1 1 1 0 0 0 1
1202 0 1 47 1 1 1 1 1 1 1 0
1203 0 1 43 0 0 1 2 3 0 1 0
1204 1 1 40 3 2 2 2 2 2 2 1
1205 1 1 42 1 1 2 1 2 1 1 0
1207 0 1 38 0 1 1 1 2 2 2 1
1208 0 1 31 1 1 2 1 0 1 1 0
1209 1 1 44 1 1 1 1 1 1 1 1
1210 0 1 45 3 2 1 1 2 1 1 0
1211 1 1 47 3 3 3 3 3 2 3 1
1212 1 1 40 2 2 2 2 2 2 2 1
1213 1 1 42 1 1 2 1 2 1 0 0
1214 0 1 35 0 0 0 1 1 0 0 1
1215 1 1 45 1 1 2 2 2 2 3 0
1217 1 1 31 3 3 3 3 3 3 3 1
1219 1 1 45 2 2 2 1 1 1 1 1
1220 1 1 45 1 0 1 1 0 0 1 1
1221 1 1 31 0 0 0 0 0 0 0 0
1222 0 1 41 1 1 1 2 1 1 1 0
1223 1 1 31 2 2 3 3 3 2 2 1
1224 1 1 39 2 2 3 3 3 2 3 1
1225 1 1 39 1 1 2 2 2 2 2 0
1226 0 1 38 2 2 2 2 2 2 2 0
1227 1 1 43 2 2 2 2 0 0 3 0
1228 0 1 39 3 2 2 1 2 1 2 0
1229 1 1 36 3 3 3 1 2 3 2 0
1230 0 1 34 3 3 3 1 3 3 3 0
1231 0 1 42 2 3 3 3 1 2 3 1
1234 1 1 44 1 1 0 0 0 0 1 0
1235 1 1 44 2 2 3 1 1 2 2 1
1236 0 1 41 1 1 2 1 2 2 2 0
1237 1 1 41 1 1 2 2 1 1 2 1
1238 1 1 35 0 0 1 0 0 0 0 0
1239 1 1 37 2 2 3 2 2 1 3 0
1240 1 1 31 3 1 3 2 2 2 2 1
1241 0 1 39 1 2 2 2 2 1 2 0
1242 0 1 46 1 2 2 2 2 1 2 0
1243 1 1 37 1 1 1 1 2 1 0 1
1244 0 0 47 1 1 1 1 1 1 0 1
1245 1 1 46 1 2 3 2 2 2 2 0
1246 0 1 42 1 2 2 3 2 1 2 0
1247 0 1 47 2 2 2 2 2 1 2 1
1248 0 1 43 1 1 3 1 2 1 3 0
1249 0 1 39 2 2 2 2 1 1 2 1
1250 0 1 42 2 2 1 1 1 0 1 1
1251 0 1 41 2 2 3 2 1 1 1 1
1252 0 1 45 2 2 1 1 1 0 2 0
1255 0 1 33 3 1 1 1 0 0 1 0
1256 1 1 43 1 1 2 2 2 1 1 0
1257 0 1 36 2 3 2 2 2 1 3 0
1258 0 1 45 3 2 3 3 3 0 3 0
1259 0 1 36 1 1 2 1 1 3 1 1
1260 0 1 47 1 1 2 2 2 0 2 1
1261 1 1 38 3 1 2 1 2 1 2 0
1262 1 1 42 1 0 2 0 0 0 0 0
1264 0 1 47 3 3 3 3 3 2 3 0
1265 1 1 38 3 3 3 3 3 2 3 0
1266 1 1 40 1 1 3 2 3 1 1 0
1267 0 1 35 1 2 2 2 3 3 3 1
1268 1 1 36 2 2 2 2 2 1 2 0
1269 1 1 45 1 1 2 2 1 1 1 0
1270 0 1 40 1 1 2 2 2 0 1 1
1271 0 1 47 0 1 1 1 0 1 1 0
1272 0 1 40 3 1 2 1 2 1 2 0
1273 1 1 36 2 2 3 3 3 2 3 0
1274 1 1 35 2 2 2 1 1 2 2 0
1275 1 1 43 2 1 2 2 2 1 1 1
1276 0 0 47 0 0 1 1 1 0 0 1
1277 1 1 33 3 3 3 3 3 2 2 0
1278 0 1 35 1 2 1 1 2 1 1 0
1279 0 1 47 3 2 3 2 3 3 2 1
1280 1 1 40 1 0 2 1 2 2 1 1
1281 1 1 37 1 1 2 1 2 1 1 0
1282 0 0 31 3 3 3 3 3 3 3 0
1284 0 1 31 0 1 1 1 1 0 1 1
1285 0 1 38 1 1 1 1 1 0 0 0
1286 1 1 46 1 1 1 1 1 1 1 1
1287 1 1 47 2 1 2 1 1 2 2 0
1288 1 1 39 2 1 1 1 2 1 2 1
1290 0 1 37 3 2 3 2 2 2 3 1
1291 1 1 43 1 1 1 1 1 2 1 0
1292 1 1 47 1 1 1 2 2 1 1 1
1293 0 1 35 2 1 1 2 3 1 3 1
1294 0 1 40 3 2 3 3 3 0 1 0
1295 1 1 34 1 2 2 1 1 0 1 0
1296 0 1 42 0 0 1 1 1 0 0 0
1297 0 1 44 2 1 3 2 2 1 3 1
1298 1 1 47 1 1 1 1 1 2 3 0
1299 1 1 37 2 2 2 3 3 2 3 0
1300 0 1 47 2 0 0 1 1 1 1 0
1302 0 1 31 0 0 0 0 0 0 0 0
1303 1 1 37 1 1 2 2 2 1 1 0
1304 0 1 39 1 1 1 1 1 0 1 1
1305 0 1 36 1 1 1 1 1 1 1 1
1307 1 1 37 2 2 2 2 2 1 2 1
1309 1 1 37 2 1 0 0 1 0 0 0
1310 1 1 42 3 3 3 3 3 3 3 1
1311 0 1 43 2 2 3 2 2 2 2 1
1312 1 1 37 3 1 1 1 1 1 1 1
1313 1 1 36 1 1 2 2 3 1 0 1
1314 0 1 42 1 1 2 1 2 1 1 1
1315 0 1 47 0 1 0 1 1 1 1 1
1317 1 1 40 2 1 2 2 1 1 3 1
1319 0 1 41 1 2 1 1 1 1 1 1
1320 0 1 43 1 2 1 2 1 1 1 0
1321 0 1 43 1 0 1 1 0 2 1 1
1323 0 1 41 2 1 1 1 1 0 1 1
1324 0 1 31 1 1 0 0 0 1 1 0
1325 1 1 45 3 2 2 2 1 1 1 0
1326 0 1 36 1 0 1 0 1 0 0 0
1327 0 1 40 1 1 1 2 2 2 1 0
1328 1 1 35 3 3 3 3 3 3 3 1
1329 1 1 46 2 1 2 3 1 1 2 1
1330 0 1 31 2 1 2 1 1 1 1 1
1331 0 1 39 2 2 2 1 2 2 2 0
1332 1 1 45 3 3 3 3 3 0 1 1
1334 0 1 36 2 2 2 3 3 2 2 0
1336 0 1 38 2 2 2 2 1 1 2 1
1337 0 1 45 2 2 3 3 2 1 2 1
1338 0 1 39 2 1 1 1 1 1 1 0
1339 1 1 42 2 1 1 2 1 1 3 1
1340 1 1 38 2 2 2 3 3 2 3 1
1342 1 1 47 1 2 2 2 1 1 1 1
1343 1 1 46 1 1 1 1 0 0 0 0
1344 1 1 40 1 1 1 1 1 1 1 0
1345 0 1 43 3 3 3 3 2 2 3 1
1346 0 1 40 1 2 2 2 2 1 1 0
1347 1 1 38 1 1 2 1 1 1 1 0
1348 1 1 33 2 1 1 1 3 1 1 1
1349 1 1 38 3 3 3 3 3 3 3 1
1350 0 1 40 3 3 3 2 2 2 3 0
1352 1 1 47 1 2 2 2 2 1 1 0
1353 1 1 44 3 2 3 3 3 2 3 0
1354 0 1 33 1 2 1 0 1 1 1 1
1355 0 1 42 1 2 1 1 1 0 1 0
1356 1 1 47 3 3 3 3 3 3 3 0
1357 1 1 38 2 2 2 2 2 2 2 0
1358 1 1 36 2 2 3 2 1 1 1 0
1359 1 1 47 1 2 1 1 2 1 1 0
1360 0 1 43 2 2 1 1 3 1 2 0
1361 0 1 37 2 2 1 2 2 1 1 0
1362 0 1 33 3 3 3 3 2 2 2 1
1363 1 1 40 2 1 2 3 2 2 2 0
1365 1 1 45 1 1 2 1 2 1 2 0
1366 0 0 31 1 1 1 1 1 1 1 1
1367 0 1 39 2 2 3 2 2 1 2 1
1368 0 1 47 2 2 1 1 1 1 1 1
1369 0 1 42 0 0 0 0 0 0 0 0
1370 0 1 34 2 2 3 2 3 3 2 1
1371 0 1 40 1 1 0 1 0 0 1 1
1372 1 1 36 3 3 3 3 3 1 1 0
1374 0 1 37 1 1 1 1 1 1 1 0
1375 1 1 41 1 1 1 2 1 1 2 0
1376 1 1 42 0 1 0 1 0 0 0 1
1377 1 1 47 1 1 2 1 1 1 1 1
1378 1 1 42 2 2 2 3 2 1 1 1
1379 0 1 44 1 1 1 1 1 1 1 1
1381 0 1 43 3 3 2 3 3 3 3 1
1382 0 1 38 1 1 2 2 1 0 0 1
1383 0 1 47 0 0 0 0 0 0 0 1
1384 0 1 43 3 3 3 3 3 1 1 0
1385 0 1 38 1 1 1 1 1 2 2 1
1386 0 1 36 0 0 0 1 0 0 0 1
1387 1 1 43 3 3 3 3 3 3 3 0
1388 1 1 47 1 1 1 1 1 1 1 1
1390 1 1 34 0 0 0 0 0 1 0 0
1391 0 1 45 2 1 1 2 1 2 2 0
1392 1 1 33 1 2 1 1 0 0 1 1
1393 0 1 42 2 2 2 2 2 0 2 0
1394 0 1 32 1 3 2 3 1 1 1 0
1395 1 1 39 1 2 2 1 1 3 2 0
1396 1 1 35 1 1 1 1 1 1 1 1
1397 0 1 45 1 2 2 1 2 1 1 0
1398 0 1 40 2 2 3 3 2 2 1 0
1399 0 1 36 2 2 2 3 1 1 2 0
1401 0 1 45 0 1 1 1 1 0 1 0
1402 1 1 41 1 0 0 1 0 0 1 0
1403 1 1 41 0 0 0 1 0 0 1 0
1404 0 1 40 1 2 2 2 1 1 1 0
1405 1 1 46 1 1 2 1 2 2 2 0
1406 0 1 39 1 2 2 2 1 1 1 0
1407 0 1 41 1 2 2 3 2 0 1 1
1408 0 1 46 3 3 3 3 3 3 3 1
1409 0 1 45 3 3 3 3 3 3 3 0
1410 0 1 34 0 1 1 0 2 1 0 0
1411 0 1 41 1 0 0 0 0 0 0 1
1412 0 1 37 1 1 2 1 0 0 2 1
1413 0 1 38 2 3 3 2 3 0 2 1
1414 1 1 44 1 0 1 1 2 1 1 1
1415 1 1 47 2 2 3 2 2 3 3 1
1416 0 1 42 3 3 3 3 3 2 3 0
1417 0 1 42 1 2 2 2 3 2 3 0
1418 0 1 40 3 3 3 2 2 2 2 0
1419 0 1 47 1 1 0 1 1 0 1 1
1420 0 1 47 2 2 2 1 3 0 0 1
1421 0 1 47 1 1 2 1 0 1 0 0
1423 1 1 36 1 1 2 1 2 1 1 0
1424 1 1 43 1 1 1 1 1 2 1 0
1425 0 1 40 2 2 2 2 1 1 2 0
1426 1 1 34 3 3 3 3 3 1 2 0
1427 1 1 42 1 1 1 1 1 0 1 0
1428 0 1 42 1 1 1 1 1 1 1 1
1429 0 1 42 2 2 2 2 2 1 2 0
1430 1 1 38 1 1 2 2 2 1 2 1
1431 1 1 43 2 2 3 2 3 0 1 1
1432 1 1 40 2 1 2 3 2 1 3 0
1433 1 1 38 1 1 2 2 2 2 1 1
1434 0 1 38 1 1 1 1 1 1 1 0
1435 0 1 42 1 1 1 1 1 1 1 0
1436 0 1 35 1 1 2 1 2 1 1 1
1437 1 1 35 1 1 1 1 2 1 1 1
1438 1 1 44 1 2 2 1 1 0 1 0
1439 1 1 37 1 0 0 0 0 1 1 1
1443 0 1 37 0 3 3 2 3 3 3 1
1445 1 1 41 2 2 2 1 2 2 3 1
1446 1 1 38 2 1 2 1 2 2 3 0
1447 0 1 47 1 2 2 2 2 1 2 1
1448 1 1 37 1 3 3 3 3 2 3 0
1449 1 1 45 2 2 1 2 1 1 1 1
1450 0 1 37 2 2 1 1 1 0 1 0
1451 0 1 42 1 1 1 2 2 2 2 1
1452 1 1 37 2 1 3 3 3 2 3 1
1453 0 0 38 0 1 0 1 1 1 0 1
1454 0 1 40 1 1 1 1 1 1 1 1
1455 1 1 40 2 2 2 2 2 2 2 1
1456 0 1 37 3 2 3 2 2 1 2 1
1457 1 1 45 1 1 2 1 1 0 1 0
1458 1 1 41 3 2 3 3 3 2 1 1
1459 1 1 41 3 3 3 3 3 2 2 1
1460 0 1 41 1 1 1 1 0 2 1 1
1461 0 1 38 2 1 1 1 2 1 1 0
1462 1 1 40 1 1 1 1 1 1 1 0
1463 0 1 39 1 1 2 2 2 1 2 0
1464 0 1 35 1 2 0 2 2 1 1 0
1465 0 0 31 1 0 2 3 2 3 3 1
1466 0 1 36 1 1 1 1 1 1 1 0
1467 1 1 47 3 3 3 3 3 1 3 0
1468 0 1 43 1 1 3 2 3 2 2 0
1469 0 1 42 3 3 3 3 3 1 2 0
1471 1 1 47 2 2 3 1 3 2 3 0
1472 1 1 46 1 1 1 1 1 0 0 0
1473 0 1 39 1 1 1 1 2 2 2 0
1477 1 1 41 1 0 0 1 1 0 1 1
1478 0 1 31 1 0 1 2 1 0 2 0
1479 0 1 38 3 3 3 3 3 2 3 0
1480 1 1 47 3 2 1 1 1 1 1 0
1481 0 1 33 1 1 2 1 1 2 1 0
1482 0 1 46 2 2 3 2 2 0 0 0
1483 0 1 40 1 2 3 2 3 3 3 1
1484 1 1 37 2 3 3 3 2 2 1 1
1486 0 1 38 2 2 3 2 2 2 1 0
1487 1 1 45 2 1 1 0 1 0 0 0
1488 1 1 45 2 1 1 1 1 1 1 1
1489 0 1 47 2 2 2 3 2 2 2 0
1490 1 1 38 1 2 1 2 2 2 2 0
1491 0 1 47 3 3 3 3 3 2 3 0
1492 1 1 42 1 2 1 1 1 2 2 1
1493 0 1 32 1 1 2 2 1 1 1 0
1494 1 1 43 2 1 1 1 1 1 2 1
1495 1 1 41 2 2 2 1 2 2 1 1
1496 1 1 34 1 2 1 2 1 1 3 1
1498 1 1 34 2 3 2 3 3 2 3 0
1499 1 1 45 3 1 2 2 2 0 1 1
1500 0 1 47 1 1 2 1 1 1 2 0
1501 0 1 41 1 1 2 2 3 2 2 1
1503 1 1 32 0 1 2 3 2 1 1 0
1504 1 1 42 2 1 3 1 1 1 1 0
1505 1 1 37 2 3 3 3 3 2 2 0
1506 1 1 36 3 1 3 3 3 1 3 0
1507 0 1 44 1 1 1 1 1 1 1 1
1508 1 1 47 2 1 1 1 2 1 1 1
1510 0 1 35 1 1 1 2 1 1 1 1
1511 0 1 34 1 1 1 1 1 2 1 0
1512 1 1 35 0 1 2 1 0 0 1 0
1513 1 1 40 2 1 1 1 2 1 1 1
1514 1 1 40 1 1 2 3 3 1 3 0
1515 1 1 35 1 1 2 2 1 1 1 1
1516 1 1 36 1 1 1 1 3 1 1 1
1518 1 1 39 2 3 2 2 1 2 2 1
1519 1 1 42 1 1 1 1 0 1 1 0
1520 0 0 31 2 1 3 3 2 1 2 0
1521 0 1 42 2 1 3 2 3 1 2 1
1522 1 1 45 1 2 2 3 2 3 2 0
1523 0 1 37 0 1 1 1 1 1 1 1
1524 0 1 44 1 2 2 1 3 3 2 1
1525 1 1 43 2 3 3 2 3 2 3 0
1526 1 1 35 2 1 1 2 1 1 2 1
1527 1 1 47 1 1 1 1 1 0 0 0
1528 0 1 46 2 3 3 2 2 2 3 1
1529 1 1 42 2 1 1 1 1 1 1 1
1530 0 1 38 2 1 1 1 1 0 0 0
1531 1 1 37 2 2 2 2 2 2 2 1
1534 0 1 41 1 2 2 1 1 2 3 0
1535 0 1 43 1 1 1 1 0 0 1 1
1536 0 1 44 2 1 1 1 1 0 1 0
1537 1 1 39 3 2 3 3 3 1 3 0
1538 1 1 34 0 0 0 0 1 1 1 1
1539 0 1 40 2 2 2 2 2 2 3 1
1540 1 1 41 1 2 2 1 1 2 2 0
1542 1 1 34 1 3 3 1 3 1 3 1
1543 1 0 37 1 1 2 1 2 1 1 1
1544 1 1 42 2 3 2 2 2 1 2 1
1545 0 1 47 2 2 2 3 2 1 2 1
1546 1 1 47 1 1 1 1 1 1 1 1
1548 0 1 46 2 2 3 2 3 2 2 0
1549 1 1 41 1 1 1 1 1 0 1 1
1550 1 1 35 1 2 1 2 3 1 1 1
1551 1 1 42 1 1 0 1 1 0 1 1
1552 1 1 36 3 3 3 3 3 1 3 1
1553 0 1 43 1 1 1 1 1 1 1 1
1554 1 1 44 1 1 1 1 1 1 1 1
1555 1 1 47 0 0 1 1 1 2 1 0
1556 0 1 41 2 2 2 2 2 1 1 0
1557 0 1 40 1 1 1 1 3 2 1 1
1558 1 1 34 1 3 2 1 2 1 1 1
1559 1 1 35 1 1 2 2 1 1 1 0
1560 0 1 33 2 1 2 3 2 2 3 0
1561 0 1 44 2 3 3 3 2 2 3 0
1562 1 1 37 0 0 1 2 1 0 1 0
1564 1 1 41 3 3 2 2 1 1 1 1
1565 0 1 41 2 2 2 3 3 2 3 0
1566 0 1 43 2 2 1 1 1 1 2 0
1567 1 1 39 1 0 1 1 0 0 1 0
1568 1 1 41 1 1 0 1 1 0 1 0
1569 1 1 45 2 2 1 1 2 1 1 1
1570 1 1 37 1 0 1 1 0 1 1 1
1572 1 1 45 2 2 3 2 2 1 2 0
1573 1 1 36 1 1 2 1 2 1 1 1
1574 1 1 39 1 0 1 1 1 0 1 0
1575 0 1 45 3 2 1 2 2 1 2 0
1576 1 1 42 2 2 2 2 2 1 2 0
1578 1 1 31 1 1 3 3 3 0 0 0
1579 1 1 44 2 1 1 2 2 1 2 0
1580 1 1 47 2 1 2 1 2 1 1 1
1581 1 1 47 1 1 3 1 1 0 1 1
1582 1 1 41 1 0 1 1 0 0 0 1
1583 0 1 42 2 2 1 2 2 1 3 0
1584 0 1 34 1 1 2 1 1 1 1 0
1586 1 1 46 0 1 3 2 3 0 1 1
1587 0 1 39 2 2 3 3 3 1 1 1
1588 0 1 45 1 2 2 1 1 1 2 0
1589 0 1 40 1 1 1 1 1 1 1 1
1590 0 1 38 1 0 1 1 2 1 1 0
1591 1 0 38 2 2 2 3 2 1 2 0
1592 1 1 47 1 1 0 1 1 1 1 0
1594 1 1 38 0 1 0 1 2 1 0 1
1595 1 1 37 2 1 1 1 1 0 0 0
1596 1 1 43 2 2 2 3 2 1 2 0
1597 1 1 47 2 2 2 2 2 1 1 1
1598 1 1 42 1 1 1 2 1 1 2 1
1599 0 0 31 2 2 2 2 2 2 2 1
1600 1 1 36 3 3 3 3 3 3 3 0
1601 0 1 39 2 1 1 2 2 1 1 1
1602 0 1 36 2 2 2 1 1 0 1 0
1603 0 1 42 2 2 2 2 3 1 2 1
1604 0 1 46 1 2 1 1 1 1 1 0
1605 1 1 42 2 2 2 3 2 1 3 1
1606 1 1 35 3 3 3 3 3 2 2 0
1607 1 1 31 1 2 1 1 1 1 1 1
1608 1 0 34 3 2 3 3 3 3 2 1
1609 1 1 35 1 1 2 1 1 0 1 0
1611 1 1 39 2 2 2 2 2 1 1 0
1612 1 1 38 0 0 1 1 0 1 0 1
1613 1 1 39 2 1 2 2 2 1 1 0
1614 1 1 47 2 1 2 1 2 1 2 1
1615 1 1 37 2 1 2 2 1 1 2 0
1616 1 1 37 0 2 3 1 1 1 1 0
1617 1 0 47 3 3 3 3 3 3 3 1
1618 1 1 37 2 2 2 2 2 2 2 1
1619 1 1 37 2 1 1 1 1 1 2 1
1620 1 1 38 1 1 1 1 1 1 1 0
1621 1 1 47 1 1 1 1 1 0 1 1
1622 0 1 41 1 1 1 2 2 3 3 0
1624 0 1 33 0 0 1 1 1 0 0 1
1625 1 1 33 1 0 2 2 2 0 2 1
1626 0 1 35 1 0 0 1 0 0 0 1
1627 1 1 40 1 0 2 1 3 1 0 0
1630 1 1 38 2 2 3 2 2 1 2 1
1631 1 1 43 3 3 3 3 3 3 3 1
1632 0 1 38 1 1 2 1 2 2 2 1
1633 1 1 37 2 1 2 2 2 1 1 0
1634 0 1 47 1 1 0 1 0 0 1 0
1635 1 1 35 1 1 3 2 2 3 3 0
1636 1 1 35 2 1 2 1 2 1 1 0
1637 1 1 43 1 1 1 1 1 0 0 1
1639 1 1 43 3 2 3 3 3 3 3 1
1640 0 0 38 1 2 1 1 2 1 2 1
1641 1 1 47 3 2 2 2 2 1 3 1
1642 1 1 40 1 1 1 1 1 0 0 0
1643 0 1 41 3 1 1 1 1 0 1 1
1644 0 0 41 1 1 1 1 1 1 1 0
1645 0 1 46 1 1 0 2 0 0 0 1
1646 0 0 45 1 2 1 1 2 0 0 0
1647 0 1 42 1 1 1 1 2 1 1 1
1648 1 1 47 1 1 1 1 1 1 1 1
1650 0 1 38 2 2 3 2 2 2 2 1
1651 1 0 46 2 1 1 2 2 1 1 1
1652 0 1 47 0 1 1 1 1 0 1 0
1653 1 1 38 1 1 1 1 1 1 1 1
1654 1 1 31 1 1 1 1 1 0 1 0
1655 0 1 45 3 3 3 2 2 1 2 1
1656 1 1 37 2 2 2 2 2 2 2 1
1657 1 1 40 1 1 1 2 1 1 2 0
1658 0 1 43 1 2 2 1 1 1 1 0
1659 0 1 44 3 2 2 2 2 2 2 1
1660 0 1 43 3 2 3 3 3 1 3 1
1661 0 1 36 1 2 2 2 2 2 2 1
1662 1 0 44 0 0 0 1 1 1 1 1
1663 1 1 32 0 0 0 0 0 0 0 0
1664 0 1 38 3 2 2 2 2 2 2 0
1665 0 1 43 3 3 3 2 3 2 2 0
1667 1 1 47 1 3 1 1 1 1 1 0
1668 1 1 47 1 2 1 1 2 1 1 0
1669 1 1 35 1 1 1 1 1 1 1 1
1670 0 1 38 1 1 1 1 1 1 1 0
1671 0 1 31 3 3 3 3 3 1 1 0
1672 0 1 36 1 1 1 1 2 1 1 1
1673 1 1 31 1 2 1 1 1 1 1 1
1675 1 1 47 0 0 1 2 3 1 3 0
1676 1 1 43 1 1 3 3 2 1 2 1
1677 0 1 39 2 1 1 2 1 1 2 0
1678 1 1 39 3 3 2 2 2 1 2 1
1679 1 1 31 2 2 3 2 3 2 2 1
1680 1 1 40 1 1 1 2 2 1 1 0
1681 0 1 47 1 1 1 1 1 1 1 1
1682 1 1 33 2 1 2 2 1 1 1 1
1683 1 1 46 1 1 2 1 3 1 1 0
1684 1 1 35 1 1 1 1 1 0 1 1
1685 0 1 39 1 1 1 1 1 1 2 0
1686 1 1 47 2 1 0 1 1 0 1 1
1687 0 1 47 1 1 1 1 1 1 1 0
1688 0 1 44 0 0 0 0 0 0 0 1
1689 0 1 39 1 1 1 1 1 2 2 0
1690 1 1 43 1 0 0 1 0 0 0 1
1691 1 1 40 3 2 3 2 3 1 2 1
1692 1 1 41 2 2 2 2 2 2 2 0
1693 0 1 39 1 1 2 2 1 1 2 1
1694 0 1 47 2 2 2 1 2 1 1 1
1695 0 0 42 2 1 3 2 1 1 2 0
1696 1 1 42 1 2 2 1 2 1 1 0
1697 1 1 32 1 1 1 0 0 0 0 0
1698 1 1 43 1 2 3 2 1 1 2 0
1699 0 1 47 1 1 2 1 1 1 1 1
1700 1 1 31 0 0 0 1 0 0 0 1
1701 0 1 39 3 2 2 2 2 1 2 1
1702 1 1 37 0 0 0 1 0 0 0 0
1703 1 1 47 1 1 1 1 1 2 1 1
1704 1 1 38 1 0 0 1 0 0 0 0
1705 0 1 47 3 3 3 2 2 1 1 0
1706 0 1 44 3 2 3 3 3 2 2 1
1707 0 1 44 2 2 2 3 3 3 3 0
1709 0 1 38 2 1 2 2 2 1 2 1
1710 1 1 46 2 1 2 2 3 1 2 0
1711 0 1 40 1 1 1 0 1 1 1 0
1712 0 1 37 1 1 2 1 1 1 2 0
1713 1 1 41 2 2 2 1 1 2 3 0
1714 0 1 38 1 2 2 2 2 2 2 1
1715 0 1 44 2 1 2 2 1 0 1 0
1716 1 1 44 3 3 3 3 2 2 2 0
1717 1 1 42 3 2 2 1 1 1 1 1
1718 0 1 40 2 2 2 2 2 1 2 0
1719 0 0 31 0 1 3 0 1 2 0 0
1720 0 1 34 0 0 0 1 0 1 0 1
1721 0 1 37 2 2 2 2 1 1 3 0
1722 1 0 31 1 1 1 1 0 1 1 0
1723 1 1 37 1 1 1 1 1 1 0 1
1724 0 1 40 0 0 0 0 0 1 1 1
1725 0 1 38 1 1 1 1 2 1 2 0
1726 1 1 47 0 1 0 0 0 0 1 1
1727 1 1 32 3 3 3 3 3 3 3 1
1730 1 1 40 1 2 1 1 1 2 1 0
1731 1 1 43 2 0 0 2 2 1 1 1
1732 1 1 31 0 1 1 0 1 0 1 1
1733 1 1 43 1 2 1 1 1 2 1 1
1734 0 1 39 3 2 3 2 2 1 1 1
1735 1 1 39 0 1 0 1 0 1 1 1
1736 0 0 31 1 1 0 1 1 1 1 1
1737 0 0 47 1 1 1 1 1 0 1 1
1738 0 1 41 2 2 3 2 2 1 3 0
1740 0 1 31 1 0 1 2 2 0 0 0
1741 0 1 38 1 1 1 1 1 0 1 1
1742 0 1 32 1 1 1 1 1 1 1 1
1743 1 1 31 3 3 3 3 3 3 3 0
1744 0 1 39 1 0 1 1 1 0 0 0
1745 1 1 44 0 1 1 1 1 0 0 0
1746 0 0 44 2 2 1 1 3 2 3 1
1747 0 1 32 3 3 2 2 2 0 2 1
1748 1 1 43 2 3 2 3 3 2 2 0
1749 1 1 47 2 1 2 2 1 1 1 0
1750 1 1 34 2 1 3 1 1 0 1 0
1751 0 1 34 3 3 3 3 3 3 3 0
1752 0 1 40 1 1 1 1 1 1 1 0
1753 0 1 44 2 2 1 3 3 1 2 0
1754 1 0 45 1 0 1 1 1 0 1 1
1755 0 1 45 2 1 3 3 2 1 1 0
1756 0 1 31 2 1 3 3 3 1 2 1
1757 0 1 47 1 1 2 2 2 1 1 0
1758 1 1 38 1 2 2 2 2 2 2 1
1759 1 1 34 1 1 2 1 1 2 1 1
1760 1 1 47 3 3 3 2 1 1 2 0
1761 0 1 33 1 1 2 2 2 2 2 0
1762 0 1 40 1 0 1 1 1 0 1 0
1763 0 1 38 1 1 2 1 1 1 1 1
1765 1 1 43 1 1 0 0 2 1 1 0
1766 0 1 40 2 2 2 2 2 2 1 0
1767 1 1 33 3 3 3 3 3 3 3 0
1768 0 1 38 2 2 2 2 2 1 3 1
1770 0 1 31 1 0 0 0 0 0 0 0
1771 0 1 45 1 1 2 0 1 0 1 1
1772 0 1 38 2 3 2 1 3 0 1 0
1773 1 1 44 2 3 3 3 3 3 3 0
1774 1 1 47 1 1 1 1 1 1 1 0
1775 1 1 46 1 1 1 1 1 0 1 1
1776 1 1 40 3 1 1 2 2 0 1 0
1777 0 1 43 2 3 2 1 2 2 1 1
1778 0 1 36 1 1 1 2 2 1 2 0
1780 0 1 45 2 1 2 1 1 1 1 0
1781 0 1 46 1 1 2 1 2 1 1 0
1782 0 1 34 1 3 2 1 0 0 2 0
1783 0 0 40 0 0 0 0 0 0 0 0
1784 0 1 36 1 1 2 1 2 1 1 0
1785 1 1 43 1 1 1 0 1 1 1 0
1786 0 1 39 3 3 3 3 3 3 3 1
1787 0 1 41 0 0 1 0 1 0 0 1
1788 1 1 39 1 2 2 2 1 1 2 0
1789 0 1 37 2 2 2 2 2 1 2 0
1790 1 1 40 3 3 3 2 2 2 2 1
1791 1 0 41 1 1 1 1 1 0 1 1
1793 1 1 39 0 1 1 0 0 1 1 0
1794 0 1 45 1 1 2 2 2 1 1 0
1795 0 1 44 1 1 2 1 1 1 2 0
1796 0 1 39 1 1 0 0 0 1 1 0
1797 1 1 34 2 3 3 3 3 1 3 0
1798 0 1 40 0 1 0 0 0 0 0 1
1799 1 1 40 1 1 1 2 1 2 1 1
1800 0 1 42 1 1 3 3 2 2 2 0
1801 1 1 42 1 0 1 1 0 0 0 1
1803 1 1 37 1 1 1 1 0 1 0 1
1804 1 1 45 3 3 1 0 0 0 0 0
1806 1 1 36 1 0 1 1 1 0 1 1
1807 0 1 42 1 1 2 2 2 1 1 0
1808 0 0 47 1 1 1 1 1 1 1 0
1809 0 1 38 1 1 1 2 1 1 2 0
1810 0 1 38 3 3 3 3 3 2 2 1
1811 1 1 47 0 0 1 0 0 0 3 0
1812 0 1 47 1 2 1 1 3 0 1 0
1813 1 1 46 2 1 2 2 2 0 2 0
1816 0 1 43 1 2 1 0 1 0 0 0
1817 1 1 40 1 1 1 1 1 1 1 1
1818 0 1 37 2 2 1 1 1 1 2 1
1819 1 1 40 1 2 2 2 2 2 3 0
1820 0 1 32 1 1 2 2 2 2 2 0
1821 1 1 44 3 3 3 3 3 3 3 0
1822 0 1 36 1 1 1 1 1 1 1 0
1823 0 0 47 1 1 1 1 1 1 1 0
1824 1 1 46 0 0 1 2 1 0 2 0
1825 0 1 40 1 2 2 2 2 1 2 1
1826 0 1 44 1 1 1 1 1 1 1 0
1828 0 1 34 0 1 1 3 1 1 1 1
1829 0 1 37 0 1 0 1 2 1 1 1
1830 0 1 40 1 3 2 2 2 1 1 0
1831 0 1 36 1 1 1 1 1 1 1 1
1832 1 1 46 1 1 1 1 1 1 2 1
1833 0 1 42 1 1 1 1 1 1 1 1
1834 0 1 34 1 2 2 2 1 1 1 1
1835 1 1 33 1 1 2 1 2 1 1 1
1836 0 1 45 1 1 2 2 2 1 2 1
1837 0 1 42 1 1 1 1 1 1 1 1
1838 1 1 43 3 2 2 3 2 2 3 0
1840 0 1 32 3 3 3 3 3 2 3 0
1841 0 1 40 1 1 1 1 1 1 2 0
1842 1 1 47 1 1 2 2 3 2 1 0
1843 1 1 38 1 1 2 2 3 1 2 0
1846 0 1 36 1 1 0 0 1 1 1 1
1847 1 1 37 2 2 3 3 3 3 3 0
1848 0 1 41 1 1 1 1 1 1 1 1
1849 0 1 45 3 3 3 3 3 2 3 0
1850 1 1 47 3 3 3 3 3 3 3 0
1851 0 1 37 1 0 0 1 1 0 1 1
1852 0 1 42 1 2 1 1 1 2 1 0
1853 1 1 35 1 1 1 1 2 1 1 0
1855 0 1 40 1 1 1 1 1 1 1 0
1856 1 1 41 3 2 3 3 2 3 3 1
1857 1 1 47 3 2 2 2 2 1 1 0
1858 1 1 47 3 3 3 3 3 3 3 0
1859 0 1 38 1 2 1 3 1 1 1 1
1860 1 1 41 1 1 1 1 1 1 2 1
1861 1 1 47 0 0 0 0 0 0 0 1
1862 0 1 36 2 1 1 1 1 0 0 0
1864 0 1 36 3 3 3 2 2 1 1 0
1865 0 1 42 1 1 2 1 2 1 1 1
1866 0 1 34 1 1 1 1 1 0 1 0
1868 0 1 38 3 2 3 3 3 2 3 0
1870 1 1 33 1 2 3 2 2 2 2 1
1871 1 1 39 2 3 3 2 3 3 3 0
1872 1 1 38 3 2 3 2 2 1 1 1
1873 0 1 43 1 2 2 1 1 0 1 0
1874 0 1 40 3 3 3 3 3 3 3 1
1875 0 1 39 1 1 1 1 1 0 0 0
1876 0 1 47 1 1 1 1 1 1 1 0
1877 1 1 47 2 2 2 3 2 1 2 0
1878 1 1 36 1 2 1 1 1 0 0 1
1881 1 1 33 1 1 1 1 1 1 1 1
1882 0 1 46 1 0 1 2 2 1 1 0
1883 1 1 36 3 1 1 1 1 1 1 1
1884 1 1 38 1 1 2 2 2 1 2 1
1885 0 1 36 1 0 0 1 1 0 0 1
1886 1 1 44 1 2 2 2 1 1 1 0
1887 0 0 37 0 1 2 1 2 1 1 0
1889 0 1 40 1 2 0 2 3 0 1 0
1890 1 1 32 3 3 3 2 3 1 3 1
1891 1 1 47 1 1 1 1 1 0 0 1
1892 0 1 31 2 0 3 2 3 2 2 0
1893 0 1 46 2 2 2 2 1 1 1 1
1894 0 1 45 2 1 1 1 1 1 1 1
1895 1 0 37 0 0 0 0 0 0 0 0
1897 1 0 47 1 0 1 0 0 0 0 0
1898 0 1 44 2 2 1 1 2 2 2 0
1900 1 1 31 1 0 0 0 0 3 0 0
1901 0 0 46 3 0 0 0 0 0 0 0
1902 0 1 39 3 2 1 2 2 1 2 1
1903 1 1 40 3 3 3 3 3 3 3 1
1904 1 1 34 2 2 2 3 3 1 2 1
1905 1 1 31 3 2 3 3 1 3 2 0
1906 1 1 40 1 1 1 1 1 1 1 0
1907 0 1 33 1 1 2 1 1 1 1 0
1908 0 1 41 3 3 3 3 2 1 2 1
1910 1 1 47 2 2 1 1 2 1 2 1
1911 1 1 36 1 1 1 1 1 1 1 1
1912 1 1 35 0 0 0 0 1 1 1 1
1913 0 1 34 1 1 1 1 2 1 1 0
1916 1 1 47 1 1 1 1 1 1 1 1
1917 0 1 47 0 1 1 1 1 2 1 0
1918 0 1 41 1 1 1 1 1 1 0 1
1919 1 1 40 1 1 2 2 1 1 2 1
1920 1 1 33 1 1 1 1 1 1 1 1
1921 1 1 46 3 3 2 3 3 2 3 0
1922 0 1 36 2 3 3 1 2 2 3 0
1923 1 1 36 0 1 1 1 3 1 1 1
1924 1 1 37 2 1 1 1 2 1 0 1
1925 1 1 34 1 2 2 0 0 0 0 0
1927 1 1 31 2 2 2 2 2 1 2 0
1928 1 1 47 1 1 1 1 2 1 1 0
1929 0 0 43 0 1 1 0 0 0 0 0
1930 1 1 34 1 1 1 1 1 1 1 0
1931 0 0 40 3 2 1 1 2 2 2 1
1932 1 1 47 1 1 1 1 1 1 1 1
1933 1 1 34 0 0 1 1 0 1 1 1
1934 0 1 42 3 2 3 2 2 2 2 1
1935 1 1 40 1 1 3 2 2 2 1 1
1936 0 1 46 1 2 2 1 1 1 1 0
1938 1 1 38 1 1 1 1 1 1 1 1
1939 1 1 36 1 2 1 1 0 1 3 1
1940 1 1 38 2 3 3 2 1 2 2 0
1941 1 1 40 2 1 1 1 1 0 1 1
1942 0 1 31 1 1 0 0 2 1 3 1
1943 1 1 31 1 1 1 1 2 2 1 1
1945 0 1 37 1 1 0 0 0 1 1 1
1946 1 1 31 2 0 0 1 0 0 0 0
1947 0 1 47 1 1 1 1 1 1 1 0
1948 0 1 47 2 2 3 1 2 2 3 1
1949 0 1 33 0 0 1 1 0 2 1 0
1951 1 1 34 1 2 2 2 1 0 1 0
1952 1 1 36 1 1 1 1 1 1 1 1
1953 1 1 43 0 1 1 1 1 0 0 1
1954 1 1 34 1 1 2 1 1 1 3 0
1956 0 1 42 1 1 1 1 1 1 1 1
1957 0 1 43 3 3 3 3 3 3 3 0
1958 0 0 31 2 1 3 1 1 2 1 0
1959 1 1 31 0 0 0 0 1 0 0 0
1960 0 1 36 1 1 1 1 1 0 0 0
1961 0 1 40 0 0 0 1 1 0 0 1
1963 0 1 45 1 0 1 1 1 1 1 0
1964 1 1 31 0 0 0 0 1 0 0 0
1965 0 1 38 2 1 1 1 1 1 1 0
1966 0 1 31 0 1 0 1 0 1 0 0
1967 0 1 31 2 1 1 1 1 1 0 1
1968 0 1 31 1 1 0 1 0 0 1 0
1969 1 1 38 1 1 1 1 1 2 1 0
1970 1 1 47 2 1 2 2 1 1 2 1
1971 1 1 40 2 2 2 2 1 1 1 1
1972 1 1 31 1 1 2 2 2 2 1 0
1974 1 1 39 3 3 3 3 3 1 3 1
1975 1 1 47 3 3 3 3 3 2 3 0
1976 1 1 31 0 0 0 0 0 0 0 0
1978 0 1 31 1 1 2 1 1 1 1 1
1979 1 1 31 0 0 0 1 2 3 1 0
1980 1 1 31 1 1 3 2 1 2 0 0
1983 0 1 31 1 2 2 1 1 1 1 0
1984 0 1 31 3 3 1 1 2 2 2 1
1987 1 1 35 0 0 2 2 1 0 0 1
1988 0 1 35 0 0 0 0 0 0 0 1
1989 0 1 31 1 0 0 0 0 0 0 0
1991 0 1 31 3 2 2 3 1 1 2 0
1992 1 1 35 1 2 1 2 2 2 1 0
1993 0 1 38 1 1 1 1 1 0 0 1
1994 0 1 45 1 1 1 2 2 0 2 0
1995 1 1 35 2 1 2 1 1 1 2 1
1996 0 1 32 2 2 1 1 1 2 1 1
1997 1 1 39 3 2 1 1 1 1 1 0
1998 0 1 36 1 2 3 2 1 2 1 1
2000 1 1 36 0 1 1 1 1 1 1 1
2002 1 1 47 3 3 3 3 3 3 3 0
2003 0 1 40 0 0 1 1 1 0 0 1
2004 1 1 37 0 0 1 1 0 1 3 0
2005 0 1 31 1 2 1 3 1 0 1 0
2006 1 1 31 1 1 0 1 0 0 1 0
2007 0 1 42 1 1 1 1 1 1 1 1
2008 0 0 47 1 1 1 1 1 0 0 1
2009 0 1 31 1 1 1 1 1 1 1 0
2010 0 1 31 1 1 2 1 1 1 1 1
2011 1 1 34 1 1 2 1 1 0 2 1
2012 1 1 45 0 0 1 0 1 1 0 0
2013 0 1 45 1 1 3 3 3 1 1 1
2014 0 1 40 1 0 1 1 1 0 1 1
2015 1 1 31 2 2 2 2 2 0 0 0
2016 1 1 35 1 1 2 1 2 1 2 0
2017 0 1 45 1 1 1 1 1 2 1 0
2018 0 1 47 1 1 2 2 2 1 0 0
2019 0 0 31 2 1 0 1 1 0 0 1
2020 1 1 45 1 1 2 2 2 1 1 0
2021 0 1 34 1 2 3 2 1 1 2 1
2022 1 1 41 1 1 1 1 2 1 0 1
2023 1 1 39 1 1 1 0 2 1 0 0
2024 0 0 43 0 1 1 1 1 0 1 1
2025 1 0 31 0 3 0 0 0 0 1 0
2026 1 1 40 3 2 3 2 2 2 3 1
2027 1 1 31 2 1 2 2 1 2 1 0
2030 0 1 36 3 3 2 3 3 2 3 0
2031 1 1 44 0 0 1 1 1 0 1 0
2032 1 1 37 2 2 3 3 2 1 2 1
2033 1 1 31 2 2 2 2 2 2 2 0
2034 1 1 43 3 2 3 2 2 2 2 0
2035 1 1 35 1 0 0 0 0 0 0 0
2036 1 1 37 0 0 0 0 0 0 0 1
2037 0 1 47 1 0 1 1 0 1 0 1
2038 0 1 47 1 1 2 1 1 0 0 1
2039 1 1 45 1 0 0 1 0 0 1 1
2040 0 1 47 1 1 2 2 1 2 2 1
2042 1 1 47 2 2 2 2 2 2 2 1
2043 0 1 39 2 1 2 1 2 1 1 0
2044 0 1 42 1 3 2 1 0 2 2 1
2045 0 1 40 1 0 0 0 0 0 0 1
2046 0 1 37 0 1 1 0 0 0 0 1
2047 1 1 40 0 0 0 0 0 0 0 1
2048 1 0 45 0 0 0 0 0 0 0 0
2050 1 1 35 2 2 3 3 2 2 2 0
2051 1 1 46 1 1 1 1 1 0 1 1
2052 0 1 36 1 1 2 1 1 1 1 1
2053 0 1 31 0 2 2 1 1 3 1 0
2054 1 1 41 0 0 2 1 0 3 2 1
2055 0 1 42 1 1 1 1 1 1 2 0
2056 1 1 37 2 1 3 2 2 2 2 1
2057 0 1 40 1 1 1 2 2 1 2 1
2058 0 1 31 3 3 3 3 2 2 3 1
2059 0 1 47 3 3 3 2 3 3 3 0
2060 1 1 37 2 2 2 2 2 1 2 0
2061 0 1 38 2 1 2 2 2 0 1 1
2062 1 0 31 1 3 0 0 0 0 0 1
2063 1 1 31 2 1 0 0 2 0 1 1
2064 0 1 36 2 3 3 2 3 3 2 1
2065 1 1 32 2 2 2 2 3 3 3 0
2066 1 1 40 1 1 2 2 2 1 2 0
2067 0 1 35 3 2 3 3 3 1 3 1
2068 1 1 31 2 3 3 3 3 3 3 1
2069 0 1 38 1 1 1 1 0 0 0 0
2071 0 1 45 1 1 1 1 1 1 1 0
2072 1 1 41 0 0 0 1 0 3 2 0
2073 0 1 37 3 3 2 2 2 2 2 1
2074 1 1 47 1 2 0 0 0 0 0 1
2075 0 1 31 0 1 0 1 1 1 0 1
2076 0 1 38 0 0 0 1 0 0 0 0
2078 1 1 34 1 1 1 1 1 1 1 0
2079 1 1 46 0 0 0 0 0 0 0 1
2080 1 1 47 1 1 1 1 1 1 1 0
2081 0 1 41 3 3 3 3 0 2 2 0
2082 1 1 31 3 1 1 1 1 0 2 0
2084 0 1 39 0 0 1 1 0 0 0 1
2085 1 1 31 1 1 1 1 1 1 1 0
2086 1 1 39 2 2 3 3 0 2 2 1
2087 0 0 38 1 1 1 1 1 1 1 0
2088 0 1 43 0 1 1 0 0 2 0 1
2089 1 1 31 1 1 3 2 1 1 0 0
2090 0 1 47 1 1 1 1 1 1 1 0
2091 1 1 43 1 0 0 1 1 0 1 0
2092 1 1 31 1 1 1 2 0 1 1 1
2094 1 0 47 0 0 0 0 0 0 0 1
2095 0 1 37 1 1 2 1 1 2 1 0
2096 0 1 34 3 1 2 2 2 1 2 1
2098 1 1 47 1 0 0 0 0 0 0 0
2099 0 1 47 1 1 0 0 0 1 2 0
2100 1 1 46 2 2 3 2 2 3 1 1
2101 0 1 44 3 2 0 2 1 1 1 1
2102 1 1 33 0 0 0 0 0 0 0 0
2103 1 1 31 2 1 1 2 3 2 2 1
2104 1 1 38 2 3 3 2 2 2 3 0
2105 0 1 40 1 1 2 1 1 1 1 0
2106 1 1 31 2 1 3 3 2 3 1 1
2107 0 1 35 1 1 1 1 1 0 1 1
2108 1 1 35 2 2 2 2 1 0 0 0
2109 1 1 42 1 1 3 1 3 1 2 0
2110 1 1 44 3 2 3 2 3 2 2 1
2111 0 0 38 1 2 2 1 1 1 1 1
2112 1 1 41 1 1 1 1 1 1 1 0
2113 0 1 31 2 2 3 2 2 1 2 1
2114 0 1 40 1 1 1 1 1 1 1 1
2116 0 1 40 1 1 2 1 1 1 1 1
2117 0 1 35 2 1 3 2 2 1 1 0
2118 1 1 45 2 1 2 1 1 1 1 0
2119 1 1 42 3 3 3 3 3 2 3 0
2120 1 1 43 3 3 3 3 3 3 3 1
2121 1 1 46 1 1 1 1 1 1 1 0
2123 0 1 41 3 0 1 1 1 1 1 0
2124 0 1 31 3 2 2 2 2 2 2 1
2125 1 1 33 0 0 0 0 0 0 0 0
2127 1 1 42 1 1 2 1 1 1 1 1
2128 0 1 37 2 3 2 3 3 2 1 0
2129 1 1 37 2 1 1 1 1 0 1 1
2131 1 1 38 0 1 1 3 2 0 1 0
2133 0 1 43 3 3 3 3 3 2 3 1
2134 0 1 42 2 1 1 2 1 1 1 1
2135 1 1 38 3 3 3 3 3 2 3 0
2137 0 1 42 1 1 1 1 1 1 1 1
2138 0 1 46 1 1 1 2 2 1 2 1
2139 1 1 44 2 3 3 2 3 1 2 1
2140 0 1 31 1 1 1 1 1 1 1 1
2141 1 1 33 2 2 2 2 2 2 2 0
2142 0 1 45 2 1 2 2 2 2 3 1
2144 0 1 43 1 1 2 1 1 1 1 0
2145 1 1 31 2 0 1 1 1 0 1 0
2146 0 1 46 2 2 3 2 2 3 3 0
2147 1 1 31 2 1 2 1 1 1 1 0
2148 1 1 40 2 1 1 1 1 1 1 0
2149 0 1 38 1 2 1 2 2 1 1 1
2150 0 1 39 2 3 2 1 1 0 1 1
2151 1 1 35 1 1 1 1 0 1 1 0
2152 1 1 35 3 3 2 2 3 2 3 0
2153 1 1 33 0 1 1 1 0 1 0 0
2154 0 1 45 2 2 1 1 1 1 0 0
2155 1 1 47 2 2 3 2 3 1 3 0
2156 0 1 45 0 0 0 0 0 0 0 0
2157 1 1 42 0 1 2 2 1 0 0 0
2158 0 1 43 2 1 2 2 2 1 2 0
2159 1 1 42 2 1 2 2 1 1 2 0
2160 0 1 37 1 1 2 1 2 1 1 1
2161 0 1 31 2 2 2 2 1 1 1 0
2162 1 1 47 1 1 1 1 0 0 1 0
2163 1 1 31 0 1 1 2 2 3 1 1
2164 0 1 41 1 1 0 1 1 1 1 0
2165 0 1 46 2 2 2 2 2 1 1 1
2166 1 1 39 1 1 1 1 1 1 1 0
2167 0 1 42 1 1 1 2 2 1 1 1
2168 1 1 42 1 0 0 0 1 0 0 1
2169 0 1 42 1 1 1 1 0 0 1 0
2170 1 1 42 1 1 1 2 2 1 1 0
2171 0 1 44 2 2 3 1 1 0 1 1
2172 0 1 39 3 2 1 3 3 1 2 1
2173 0 1 47 3 3 3 3 3 3 3 0
2174 0 1 45 2 2 3 2 0 3 2 0
2176 0 1 31 2 3 3 2 3 3 2 0
2177 1 1 47 1 1 1 1 1 1 1 0
2178 1 1 40 1 1 2 1 1 1 1 0
2179 0 1 39 2 1 1 1 1 1 1 0
2180 0 1 36 0 0 0 0 0 0 0 1
2181 1 1 41 1 1 1 1 2 2 2 0
2182 0 0 37 1 1 1 1 1 1 0 0
2183 1 1 45 1 1 1 1 1 0 1 0
2184 0 1 35 2 2 2 2 2 1 2 1
2185 1 1 35 2 2 2 2 2 2 2 0
2186 1 0 43 1 1 1 1 1 0 1 1
2187 1 1 43 3 3 3 3 1 1 3 1
2188 1 1 41 3 3 3 3 2 1 2 0
2189 0 1 35 1 1 1 1 1 1 1 1
2190 1 1 45 2 3 1 3 1 1 2 1
2191 1 0 41 1 1 1 1 2 1 0 1
2192 0 1 39 0 1 2 0 1 0 2 1
2193 1 1 31 1 1 0 1 0 0 0 1
2194 0 1 35 2 2 1 1 2 2 2 1
2195 1 1 47 1 2 1 1 1 1 1 0
2196 0 1 44 2 2 1 2 2 1 1 0
2197 0 1 34 3 3 3 3 3 3 3 0
2199 0 1 45 0 1 0 0 1 0 0 0
2201 0 1 42 1 1 1 1 1 1 1 1
2202 1 1 41 1 1 1 1 1 0 1 0
2204 0 1 31 2 1 2 3 2 1 3 0
2205 0 0 43 1 0 1 1 1 1 1 0
2206 0 1 46 1 1 2 1 0 1 1 1
2207 0 1 47 1 2 1 1 1 1 1 1
2208 1 1 31 1 1 2 1 3 1 2 1
2209 0 0 47 0 2 1 1 1 0 0 1
2210 0 1 43 1 1 2 1 3 1 1 1
2211 1 1 33 2 2 2 2 2 2 2 0
2212 0 1 47 2 1 1 1 2 1 1 1
2213 1 1 31 0 0 1 0 1 2 1 1
2214 0 1 39 1 2 2 2 1 2 1 0
2215 0 1 43 0 0 1 0 0 0 0 1
2216 1 1 34 3 3 3 3 3 2 3 1
2219 1 1 39 1 1 2 1 2 1 1 0
2220 0 1 31 1 2 2 1 1 1 1 0
2221 0 0 31 2 1 1 1 1 0 1 0
2222 1 1 38 1 1 1 1 1 1 1 0
2223 0 1 47 2 2 3 1 3 1 2 0
2225 0 1 37 0 1 1 1 1 1 1 1
2226 1 1 35 2 2 1 1 2 1 2 1
2228 1 1 40 1 2 3 2 1 3 3 1
2229 0 1 31 2 2 3 3 1 3 2 1
2230 1 1 37 2 1 2 1 2 0 0 0
2231 1 1 42 1 1 3 1 1 1 3 0
2232 1 1 39 1 1 1 2 1 1 1 0
2233 0 1 36 2 3 3 2 2 3 2 0
2234 1 1 40 3 2 3 3 3 1 3 0
2235 1 1 31 2 1 2 3 0 2 2 1
2236 1 1 41 3 3 3 3 3 2 2 1
2237 0 1 36 2 1 2 2 2 0 2 1
2238 1 1 41 1 1 1 2 1 1 2 1
2239 0 1 36 2 2 3 2 1 1 2 0
2240 0 1 45 1 1 0 1 1 0 1 0
2241 0 1 41 1 1 2 1 1 1 2 0
2242 0 1 36 3 3 2 2 2 2 2 1
2243 1 1 47 1 1 0 0 0 0 0 1
2244 1 1 34 1 1 1 1 1 1 1 0
2245 1 1 37 0 1 2 1 1 2 1 1
2246 1 1 31 1 1 1 1 1 0 1 1
2248 1 1 38 2 2 3 2 3 2 2 1
2249 1 1 40 2 1 1 3 2 1 3 0
2250 1 1 43 1 1 1 1 1 1 1 1
2251 1 1 47 1 1 1 1 1 1 1 0
2253 1 1 35 3 3 3 3 3 2 2 1
2254 0 1 37 0 3 0 1 0 1 1 1
2255 1 1 47 1 1 1 1 0 0 1 1
2256 1 1 39 3 2 1 2 2 1 2 1
2258 0 1 43 1 0 0 1 0 0 0 1
2259 1 1 34 1 1 1 1 1 1 2 0
2260 0 1 38 1 1 2 2 1 1 2 1
2261 1 1 33 1 1 2 2 3 1 2 0
2262 1 1 31 1 1 1 1 1 1 1 1
2263 0 1 45 0 0 0 0 0 0 0 1
2264 0 1 47 2 3 1 2 1 1 2 0
2265 0 1 38 1 1 1 1 1 1 1 1
2266 1 1 47 2 2 3 3 3 1 2 0
2267 1 1 36 2 2 2 2 2 2 2 0
2268 1 1 43 2 1 2 2 2 1 2 0
2269 1 1 34 1 1 2 1 2 2 2 1
2271 0 1 42 1 1 1 1 1 1 1 0
2272 1 1 37 1 1 1 1 1 2 2 1
2273 0 0 31 1 1 1 1 0 0 0 0
2274 1 1 31 1 0 0 1 2 1 0 0
2275 1 1 36 1 1 1 1 2 2 1 1
2276 1 0 31 2 3 1 2 3 1 2 1
2277 1 1 31 1 0 1 1 1 0 1 0
2278 1 1 47 3 3 3 3 3 1 3 0
2279 0 1 34 3 1 1 1 2 1 1 1
2280 1 1 33 1 1 2 2 2 1 2 0
2282 1 1 31 1 1 2 2 2 2 2 0
2283 0 1 40 2 2 3 2 2 1 2 1
2284 1 0 39 0 0 0 0 0 0 0 0
2285 1 1 35 0 0 1 1 0 1 2 0
2287 0 1 33 2 2 2 2 2 1 2 1
2289 0 1 47 1 1 2 2 1 1 1 1
2290 1 1 40 2 2 3 3 3 3 3 1
2291 1 1 35 2 2 3 3 2 1 2 1
2292 0 1 46 2 1 2 2 1 3 2 1
2293 0 1 31 1 1 1 1 1 1 1 1
2294 1 1 32 1 1 1 1 1 1 2 1
2295 0 1 42 1 1 0 1 1 1 0 1
2296 1 1 34 1 1 0 2 1 1 1 0
2297 0 1 31 1 2 0 1 0 2 0 0
2298 1 1 34 2 1 2 3 1 0 1 0
2299 1 1 37 1 0 0 1 1 1 1 0
2300 0 1 47 3 3 3 3 3 2 2 0
2302 1 1 33 0 0 0 0 0 0 0 0
2303 0 1 37 2 1 2 2 1 1 1 0
2304 0 1 31 1 1 2 1 2 0 0 1
2305 0 1 44 1 1 1 1 2 0 1 1
2306 1 1 37 3 3 3 3 3 3 3 1
2307 1 1 35 3 3 3 3 3 2 3 1
2308 1 1 47 3 3 3 3 3 3 3 0
2309 1 1 38 2 1 1 2 2 1 2 1
2311 0 0 31 2 2 1 2 2 2 2 1
2312 1 0 31 1 2 2 2 2 2 1 0
2313 1 1 35 1 1 1 1 1 1 1 1
2314 1 1 47 1 1 1 1 1 1 1 1
2315 1 0 42 2 1 1 1 1 0 0 1
2316 0 1 35 1 1 1 0 0 1 0 0
2317 1 1 43 3 3 2 2 1 1 2 1
2319 0 1 39 2 1 2 2 2 1 1 1
2320 0 1 46 2 3 3 2 2 3 3 1
2321 1 1 41 2 2 2 3 2 1 2 1
2323 1 1 39 1 0 1 1 1 0 0 0
2324 0 1 35 1 1 1 1 1 0 1 1
2325 0 1 35 2 2 2 2 2 2 2 1
2326 1 1 39 2 2 1 1 1 2 1 1
2327 1 1 47 3 2 3 3 3 1 1 0
2328 0 1 36 2 2 2 2 2 1 1 1
2329 0 1 47 0 1 0 0 0 0 0 0
2330 1 1 46 2 1 2 1 1 2 2 1
2331 1 1 35 1 1 1 1 1 1 1 1
2332 0 1 36 1 1 0 1 1 1 1 0
2333 1 1 31 1 1 1 0 0 1 0 1
2334 0 0 41 2 2 2 2 2 3 3 0
2335 1 1 45 1 1 1 1 1 0 1 0
2336 0 1 31 1 1 1 1 1 0 1 0
2337 0 1 31 3 1 1 1 0 2 0 0
2338 0 1 31 2 3 3 3 2 1 1 1
2339 1 1 42 1 1 1 1 1 1 1 1
2341 1 0 40 2 3 2 2 2 1 3 0
2342 1 1 47 1 1 1 2 2 2 1 1
2343 1 1 47 1 0 1 1 1 1 1 1
2344 1 1 45 2 1 1 2 1 0 1 0
2345 0 1 40 1 0 2 3 0 2 1 0
2346 1 1 43 1 1 2 1 1 1 1 0
2347 0 1 39 2 2 2 2 2 1 1 1
2348 0 1 38 2 2 2 1 1 1 2 0
2350 1 1 43 1 1 1 1 1 1 1 0
2351 0 1 39 1 1 2 0 2 1 0 0
2353 0 1 44 1 0 1 1 1 0 0 0
2354 0 1 40 2 2 2 2 2 1 1 1
2355 1 1 39 2 2 2 2 2 2 2 1
2356 1 1 31 1 0 0 1 0 0 1 1
2357 1 1 37 2 1 2 2 2 1 2 1
2358 1 1 32 3 3 3 3 3 3 3 1
2359 0 1 35 0 1 1 1 1 1 1 1
2360 0 1 38 2 2 1 2 2 0 0 1
2361 0 1 38 3 3 3 3 3 2 3 1
2363 0 0 42 2 2 2 2 1 2 2 1
2364 1 1 42 2 2 2 2 2 2 2 1
2365 0 1 43 1 1 1 2 2 1 2 0
2366 1 1 38 2 1 1 1 1 2 1 0
2368 0 1 47 2 0 0 0 0 0 0 0
2369 0 1 38 1 1 2 1 2 1 2 1
2370 1 1 40 1 1 1 1 1 1 1 1
2372 1 1 47 2 2 2 2 2 2 2 1
2373 0 1 39 2 1 2 2 1 1 1 0
2374 1 1 35 1 0 1 1 1 0 0 0
2375 0 1 31 1 0 1 2 0 0 0 1
2376 0 1 31 3 3 3 3 3 2 2 0
2377 1 1 33 1 1 2 2 3 2 2 1
2381 0 1 42 2 1 2 2 2 1 1 0
2382 0 1 42 2 1 1 1 2 1 2 0
2383 0 1 35 0 1 0 1 1 1 0 1
2384 1 1 47 1 1 1 1 1 1 1 1
2385 1 1 47 1 1 1 2 1 0 0 1
2386 1 1 40 2 2 1 2 3 0 1 1
2387 1 1 39 0 0 1 1 0 0 0 1
2388 0 1 47 3 3 3 3 3 1 3 0
2389 0 0 47 2 3 3 3 3 3 3 0
2390 1 1 31 2 2 2 2 1 1 0 0
2391 1 1 38 1 1 3 2 2 1 1 1
2392 1 0 47 2 2 2 2 1 1 1 1
2393 1 1 47 1 0 1 1 1 1 0 1
2394 0 0 40 2 2 2 1 1 1 1 1
2395 1 1 47 2 2 1 1 1 1 1 1
2396 0 1 34 2 2 3 2 2 2 2 0
2397 1 1 38 1 2 3 2 1 1 1 1
2398 0 1 35 0 1 0 1 2 0 3 0
2400 1 1 42 0 0 0 0 0 0 0 0
2401 1 1 38 1 2 0 3 1 2 1 0
2402 1 1 47 1 1 1 1 1 0 0 0
2403 1 1 31 1 1 1 1 1 0 0 1
2404 0 1 41 2 1 2 1 1 1 2 1
2405 1 1 33 2 2 2 2 1 1 0 0
2407 0 1 40 1 2 1 1 1 1 1 1
2408 1 1 40 1 1 1 1 1 0 1 1
2409 0 1 35 1 1 0 1 1 0 0 1
2410 0 1 46 1 1 2 2 1 2 1 0
2411 1 1 43 1 3 0 3 0 2 3 0
2412 1 1 39 1 1 1 1 1 1 0 1
2415 0 1 31 2 1 1 1 1 1 1 1
2417 0 1 31 2 2 2 2 1 1 1 0
2418 1 1 37 3 2 3 3 3 1 2 0
2419 1 1 38 2 2 1 2 3 1 1 0
2421 1 1 47 3 3 2 1 2 2 1 0
2423 1 0 37 1 2 2 1 2 2 1 0
2424 0 1 36 1 1 1 1 1 0 1 0
2425 1 1 37 2 2 1 3 2 2 2 1
2426 0 1 32 3 2 3 3 3 2 3 1
2427 0 1 41 3 2 2 3 2 2 2 1
2428 1 1 37 2 1 3 3 2 1 0 1
2429 1 1 36 2 2 2 2 2 2 2 1
2430 0 1 31 2 2 2 2 2 2 2 0
2431 1 1 47 1 1 1 1 1 1 1 1
2432 1 0 41 2 1 1 1 1 0 1 0
2434 0 1 31 1 1 2 1 2 1 1 0
2435 0 1 42 1 1 1 1 1 1 1 1
2436 0 1 46 2 1 1 1 1 1 2 0
2437 0 1 42 1 1 1 0 0 0 1 0
2438 1 1 31 1 1 2 1 1 1 1 1
2439 1 1 46 1 1 1 1 0 0 1 0
2440 1 1 43 1 1 1 0 1 0 1 1
2441 1 1 31 1 2 3 1 1 1 1 1
2442 0 1 34 2 2 2 2 2 2 2 1
2443 1 1 32 1 1 0 0 0 0 0 1
2444 1 0 31 2 2 1 2 2 1 2 1
2445 0 1 41 1 1 1 1 1 2 2 0
2446 1 1 36 1 1 1 1 1 1 1 1
2447 0 1 40 1 2 2 1 2 1 2 0
2448 1 1 44 1 1 2 1 1 1 1 0
2449 1 1 40 3 1 2 2 3 2 2 0
2450 0 1 31 0 0 1 1 2 1 2 1
2451 1 1 35 3 2 3 3 3 2 2 1
2452 0 1 31 0 1 0 0 0 0 0 1
2453 1 1 35 1 1 1 1 1 1 1 1
2455 1 1 34 2 2 1 2 1 1 0 1
2456 0 1 35 1 2 1 1 2 1 1 1
2457 0 1 38 3 3 3 2 2 3 3 1
2458 0 1 47 3 3 3 3 3 1 1 1
2459 1 1 45 1 2 2 2 1 2 1 0
2460 0 1 40 3 3 3 3 3 3 3 0
2462 1 1 46 2 2 1 2 1 1 1 1
2463 1 1 32 1 1 1 1 1 2 2 1
2464 1 1 39 2 2 1 1 1 1 1 0
2465 1 1 32 2 1 1 1 1 1 1 0
2466 1 1 43 1 1 1 1 0 0 0 1
2467 0 1 38 1 1 2 3 1 0 1 0
2468 0 1 40 1 1 1 1 1 1 1 1
2469 1 1 31 1 1 1 2 1 1 2 0
2470 1 1 31 2 1 2 3 2 1 1 0
2471 0 1 31 1 1 2 1 2 1 1 0
2472 1 1 47 2 2 1 2 0 1 0 1
2473 0 1 40 0 0 1 2 0 1 0 0
2474 1 1 39 1 1 1 1 1 0 1 1
2476 0 0 31 1 1 1 2 1 1 2 1
2477 1 1 37 1 1 1 1 1 1 1 1
2478 0 1 47 2 1 3 2 2 1 2 1
2479 1 1 39 1 1 1 2 1 1 2 0
2480 1 1 42 1 2 1 1 1 1 1 0
2481 1 1 37 0 0 0 0 0 0 0 1
2482 0 1 43 1 1 1 1 2 1 1 0
2483 1 1 40 1 1 2 1 1 1 2 1
2484 1 1 47 0 0 0 1 1 0 0 1
2486 1 1 38 2 2 1 1 2 1 1 0
2487 1 1 37 0 0 1 1 0 0 0 0
2488 0 1 36 0 0 0 0 0 0 0 0
2489 1 1 31 2 1 3 2 1 1 1 1
2490 0 0 40 0 0 0 0 0 0 0 1
2491 1 1 47 3 2 3 3 3 3 3 1
2492 0 1 40 2 1 1 1 2 1 1 1
2493 1 1 31 0 0 0 0 0 0 0 1
2495 0 0 39 1 1 1 2 1 1 1 1
2496 0 1 39 3 2 2 2 2 1 1 1
2497 1 0 47 1 1 1 1 0 0 0 1
2498 0 1 47 1 1 1 1 2 1 2 0
2499 0 1 46 1 1 2 2 1 1 2 1
2500 0 1 36 1 1 1 0 0 0 0 1
2501 1 1 36 1 3 3 2 2 1 2 1
2502 1 1 46 1 1 1 1 1 1 1 0
2503 1 1 41 1 0 1 1 1 0 0 0
2504 0 1 40 2 1 2 1 1 1 2 1
2505 1 1 38 0 1 1 1 1 1 1 1
2506 1 1 31 2 1 3 2 3 1 1 1
2507 1 1 37 1 1 1 1 1 1 1 1
2508 0 1 44 1 0 1 0 0 0 1 0
2509 1 1 35 1 1 1 1 1 1 1 1
2510 1 1 37 1 1 1 1 1 1 1 0
2511 1 1 43 0 1 0 1 0 0 1 1
2512 1 1 47 2 1 2 2 3 1 3 0
2513 0 1 39 2 1 1 2 2 1 1 1
2514 1 1 35 1 1 1 1 1 1 1 0
2515 1 1 34 3 3 3 3 3 2 2 0
2516 1 0 47 0 0 1 1 0 0 0 0
2517 1 0 31 1 1 1 1 1 1 1 0
2518 0 1 42 0 1 0 1 0 0 0 0
2519 0 1 39 3 1 2 1 3 0 1 0
2520 0 1 40 1 2 2 2 1 2 2 1
2521 0 1 36 1 1 1 1 1 2 1 0
2522 1 1 38 1 1 1 1 1 1 1 1
2523 0 1 36 0 1 0 2 1 0 3 0
2524 0 1 35 2 2 1 1 1 1 2 0
2525 0 1 41 3 3 3 2 2 2 3 0
2526 1 1 40 2 2 2 2 3 2 2 1
2527 0 1 41 2 1 2 2 2 0 2 0
2528 1 1 44 1 1 1 1 1 0 1 0
2529 0 1 44 2 2 3 2 2 3 2 0
2530 1 0 44 1 1 2 1 0 3 1 1
2531 0 1 34 3 3 3 3 3 1 3 1
2532 1 1 35 1 1 1 1 0 0 0 0
2533 0 1 47 1 1 1 1 1 0 1 1
2534 1 1 40 2 1 2 2 2 1 3 0
2535 0 1 46 1 1 1 1 1 1 0 0
2536 0 1 36 1 1 1 1 1 2 1 0
2537 1 1 31 0 1 3 2 1 0 0 1
2538 0 1 45 1 1 0 1 0 0 0 0
2539 0 1 31 0 1 0 1 0 0 0 0
2540 0 1 43 2 3 3 3 3 3 3 1
2542 0 1 42 1 1 2 1 2 1 2 1
2543 1 1 31 3 3 3 2 2 2 3 1
2544 1 1 43 1 1 1 1 1 1 1 0
2546 1 1 37 1 0 0 0 1 0 0 0
2547 1 1 47 1 1 0 1 0 0 1 1
2548 1 1 38 1 1 1 1 1 1 1 0
2549 0 1 31 0 0 0 0 0 0 0 0
2550 1 1 37 2 1 2 3 2 1 2 0
2551 1 1 37 2 2 2 2 1 2 2 0
2552 1 1 39 3 3 2 2 3 2 3 0
2553 0 1 38 1 0 1 1 1 1 1 1
2554 0 1 34 0 1 0 1 0 0 0 1
2555 1 1 43 2 2 2 2 2 1 1 1
2556 1 1 39 2 2 2 2 2 2 2 1
2557 0 1 38 1 2 2 2 3 1 3 0
2558 0 0 31 0 0 0 0 0 0 0 1
2559 0 1 45 2 2 2 2 2 2 2 0
2560 1 1 43 1 1 1 1 1 1 1 0
2561 0 1 37 1 2 2 2 2 2 2 0
2562 0 0 47 1 1 1 1 1 1 1 1
2563 1 1 46 2 1 1 1 1 0 1 0
2564 0 1 41 2 1 2 1 1 1 1 1
2566 0 1 47 2 2 1 1 1 1 1 0
2567 0 1 40 1 2 2 3 1 1 2 1
2568 1 1 33 2 2 2 3 2 1 2 0
2569 0 1 47 1 1 1 1 1 1 1 1
2570 1 1 45 1 1 1 1 2 0 1 1
2571 1 1 39 1 1 1 1 0 2 1 0
2573 0 1 46 2 1 2 2 2 1 1 1
2574 1 1 32 3 3 3 3 2 2 2 0
2575 0 1 35 1 1 1 1 2 1 2 0
2577 0 1 39 1 0 1 1 1 1 1 1
2578 1 1 42 3 2 3 2 2 2 2 0
2579 0 1 42 2 1 2 2 2 1 1 0
2580 1 1 31 0 0 0 0 0 0 0 1
2581 1 1 35 1 2 2 2 1 2 1 0
2582 1 1 47 1 0 1 1 1 1 0 1
2583 0 1 44 1 1 2 2 1 1 1 1
2584 0 1 47 0 1 2 1 1 1 1 0
2585 0 1 35 0 1 1 1 0 1 0 0
2586 1 1 47 1 2 3 1 2 2 2 1
2588 1 1 31 1 1 1 1 1 0 0 1
2589 0 1 47 2 1 1 1 2 1 2 1
2590 0 1 41 0 1 1 1 1 1 1 1
2591 1 1 40 2 2 1 2 2 2 2 0
2592 0 1 39 1 2 2 1 2 1 1 1
2593 1 1 41 1 1 1 1 1 1 1 0
2594 1 1 38 1 1 1 1 2 1 2 1
2595 1 1 43 2 0 3 3 3 2 2 0
2597 1 1 43 2 2 1 2 1 1 2 1
2598 1 1 37 1 1 1 1 1 1 1 1
2599 0 1 42 1 1 2 2 2 2 2 0
2600 0 0 47 0 0 0 0 0 0 0 1
2601 1 1 37 1 0 1 0 0 1 1 0
2602 1 1 37 1 1 1 1 1 1 1 1
2603 1 1 37 1 1 1 2 2 1 1 0
2604 1 1 37 0 1 1 1 0 1 1 0
2605 1 1 47 1 2 1 1 1 0 1 0
2606 1 1 42 1 2 2 1 2 1 1 0
2607 1 1 47 0 1 0 0 0 0 0 1
2608 0 1 40 2 1 3 2 2 1 1 1
2609 1 1 31 2 2 1 2 2 2 2 1
2610 0 1 41 2 2 2 3 2 2 2 0
2611 0 1 38 1 2 2 2 2 2 2 0
2613 1 1 47 3 2 2 2 1 1 2 1
2614 0 1 44 1 1 1 1 1 1 1 1
2615 0 1 31 0 0 0 0 0 1 1 0
2616 0 1 42 1 1 1 2 2 0 1 1
2617 1 1 36 2 1 2 1 2 2 2 1
2618 0 1 35 1 1 2 1 2 2 2 1
2619 1 1 31 2 2 1 1 1 1 0 0
2620 0 1 35 1 1 1 0 1 1 1 1
2621 1 1 47 1 1 1 1 2 1 1 0
2622 0 1 31 2 2 3 2 2 2 1 1
2623 0 1 46 3 3 3 2 3 3 3 0
2624 1 1 39 1 1 1 2 2 2 1 1
2625 0 1 45 3 2 2 3 3 0 3 1
2626 1 1 47 3 3 3 3 3 2 3 1
2628 1 0 40 2 2 2 1 1 2 2 1
2629 1 1 37 1 1 1 1 1 1 1 0
2630 0 1 34 3 2 2 2 1 1 1 1
2631 0 1 41 0 0 1 1 0 0 0 0
2632 1 1 44 2 2 2 1 1 1 1 1
2633 1 0 47 1 1 1 1 1 0 0 0
2634 0 1 45 3 2 2 3 3 3 2 1
2635 1 1 41 1 1 0 1 0 0 1 1
2636 1 1 40 1 1 1 1 0 1 1 0
2637 0 1 45 2 2 2 2 2 2 2 1
2638 0 1 40 2 1 2 2 1 0 1 0
2639 1 1 45 1 2 2 2 2 1 2 1
2640 1 1 40 1 1 1 1 1 1 1 0
