1 1 1 1 1 1 1 1 3 3 3 3 3 3 3 3 3 4 4 2 2 3 4 4 2 2 3 1 1 0 1 1 0 1 0 1 1 0 1 0 10 1 4 5 5 4 4 5 4 4 5 4 4 4 4 4 4 4 4 2 3 3 3 3 3 3 3 3 3 4 4 2 2 2 2 4 4 4 3 3 0
2 0 0 0 1 1 0 0 4 4 3 4 4 3 4 3 3 5 5 1 1 1 5 5 1 1 1 0 0 0 0 1 1 1 0 1 0 0 0 0 7 2 3 4 5 4 4 4 4 4 3 4 4 2 4 4 5 4 5 1 4 3 3 3 2 2 4 3 4 5 4 2 1 1 1 5 5 5 4 5 0
3 1 0 1 1 1 1 1 3 3 3 4 4 3 3 2 3 4 4 3 2 3 4 4 3 3 2 1 0 0 0 0 1 1 0 1 0 1 1 0 8 8 3 4 4 4 4 4 4 4 3 4 4 3 4 4 4 4 4 4 2 3 3 4 4 2 4 3 3 4 2 2 2 2 2 4 4 4 3 3 1
4 0 0 1 1 2 1 1 3 3 3 3 2 3 4 4 4 4 4 2 1 3 4 5 2 1 2 1 1 0 0 1 1 1 0 1 0 1 0 0 6 1 3 4 4 5 4 4 5 4 5 5 4 2 4 4 5 3 4 2 3 3 2 2 2 2 4 3 3 5 2 2 2 1 1 4 4 4 4 3 1
5 0 0 0 0 0 0 0 3 3 3 3 3 3 2 2 3 5 5 5 1 1 4 4 1 2 4 1 1 0 1 1 0 1 0 1 1 1 0 0 5 3 3 5 5 5 5 5 5 4 4 5 5 4 4 5 5 5 5 3 1 1 1 1 1 1 4 2 4 5 3 1 1 1 1 5 5 5 4 4 1
6 0 0 1 1 0 0 1 3 3 3 2 3 1 2 2 3 4 4 4 2 1 4 4 2 2 4 0 0 0 0 1 1 1 1 0 0 0 0 0 10 6 3 5 5 5 3 2 3 4 4 4 2 1 4 2 4 3 5 5 2 2 2 1 1 3 3 2 5 5 5 1 2 1 1 5 4 5 2 5 1
7 0 1 0 1 1 0 0 3 4 3 4 4 4 3 3 3 4 3 2 2 2 4 4 3 2 3 0 0 0 0 1 0 1 0 1 1 0 0 0 9 2 4 5 5 5 5 5 5 5 4 5 5 4 4 5 5 4 4 3 5 4 3 4 3 1 3 5 5 4 2 2 2 4 1 5 4 5 4 4 1
8 3 1 1 2 1 1 1 3 3 3 3 3 2 3 2 3 3 3 3 2 3 3 4 3 3 3 1 1 1 0 1 0 1 0 1 1 1 1 0 6 7 4 4 3 4 4 4 5 4 4 5 5 5 5 5 4 4 4 4 4 4 4 4 3 3 3 3 4 4 4 2 3 3 3 3 3 3 3 2 1
9 1 1 2 2 1 1 1 3 3 3 4 3 3 3 3 3 4 3 3 3 3 3 3 3 4 4 1 1 1 0 1 1 1 1 1 1 1 1 1 8 7 4 4 5 5 5 4 4 4 4 4 5 5 5 5 4 4 4 3 2 2 2 2 2 2 4 3 3 4 4 3 3 3 2 4 4 4 4 4 1
10 1 1 1 1 1 1 1 3 2 3 3 3 2 2 2 2 3 3 3 2 3 3 4 2 2 3 1 1 1 1 1 0 1 0 1 0 0 1 0 7 2 3 5 4 4 4 4 4 4 4 4 4 4 4 4 4 3 3 4 4 4 4 4 4 4 4 4 3 4 3 2 2 2 2 4 4 4 4 4 1
11 1 1 1 1 0 0 1 4 2 3 4 4 2 2 3 4 4 3 3 1 1 5 5 1 1 4 0 1 1 0 1 0 1 0 1 0 0 0 0 8 1 4 4 4 5 4 5 5 5 5 4 5 3 5 5 3 3 5 3 2 1 1 1 2 1 2 1 3 4 4 3 3 3 1 4 4 4 3 5 0
12 1 0 0 1 0 0 1 4 4 4 4 4 4 4 4 4 5 5 5 3 2 4 4 2 2 2 0 0 0 0 1 0 1 0 1 0 0 0 0 7 1 4 5 5 5 5 5 5 5 5 5 5 4 5 5 5 5 5 2 2 2 2 3 2 1 4 3 4 4 3 2 2 2 2 2 5 5 4 4 1
13 0 0 1 1 0 0 0 3 3 2 3 3 2 2 2 3 1 4 2 1 3 3 3 4 2 2 0 0 0 0 1 1 1 0 1 0 0 0 0 8 9 3 4 4 4 4 5 4 3 3 4 4 4 3 3 4 4 3 3 3 4 3 3 2 2 4 3 4 5 3 2 2 2 1 3 4 4 4 4 0
14 1 1 1 1 1 0 0 4 3 3 4 4 3 3 3 3 4 4 2 1 1 4 3 1 1 1 0 0 0 0 1 0 1 0 1 1 0 0 0 7 1 3 5 4 4 4 5 4 4 4 5 5 5 5 5 4 3 5 2 3 2 2 2 3 2 4 3 5 5 4 1 1 1 1 4 5 4 4 5 0
15 1 1 1 1 2 1 1 2 3 2 3 3 1 2 3 2 4 4 4 2 3 4 4 2 2 3 0 1 0 0 1 0 1 0 1 1 1 1 0 8 2 3 4 4 4 3 4 3 3 2 4 3 2 2 3 3 2 2 5 4 2 2 2 1 2 4 3 4 4 3 2 2 2 2 3 4 4 3 2 0
16 2 1 2 1 1 1 1 3 3 3 2 3 3 3 3 3 4 3 3 2 2 4 4 2 3 2 1 1 0 0 1 0 1 1 1 0 0 1 1 3 3 2 3 3 4 3 4 3 5 3 3 4 1 4 4 5 4 3 5 3 4 2 3 3 3 4 2 2 4 4 2 2 2 2 3 3 4 2 3 1
17 1 1 1 2 0 0 1 3 2 3 4 3 3 3 3 2 4 4 3 2 2 4 4 3 3 2 0 0 0 0 1 0 1 0 1 1 0 0 0 8 2 3 5 5 5 4 5 4 4 4 4 4 5 4 4 4 4 4 3 2 3 3 3 3 2 2 3 3 4 4 2 1 2 1 4 4 4 3 4 0
18 0 0 0 0 0 0 0 3 2 3 3 3 2 2 1 2 4 4 3 2 3 3 4 2 2 2 0 1 0 0 1 1 1 0 1 1 0 0 0 9 7 2 4 4 4 4 4 3 4 4 4 4 3 4 4 4 3 4 2 3 2 2 2 2 2 2 2 4 4 4 3 4 2 2 4 4 4 4 3 1
19 0 1 1 0 0 0 0 4 3 4 4 4 3 3 3 3 4 4 2 1 1 5 4 1 2 2 0 1 0 0 1 0 1 0 1 0 0 1 0 9 3 4 5 5 5 5 5 4 5 4 4 5 4 5 5 5 4 5 3 2 1 2 1 1 1 4 2 3 4 4 2 2 2 1 4 4 4 4 4 0
20 1 0 1 1 1 0 0 3 3 3 3 1 2 3 2 2 3 3 2 2 2 3 4 3 2 3 0 0 0 0 1 0 1 0 1 1 0 0 0 6 8 3 5 5 4 4 5 5 4 3 4 3 5 4 4 5 4 4 4 3 3 3 4 2 1 4 4 3 5 4 1 2 2 2 4 4 4 3 3 0
21 1 1 1 1 1 0 1 4 4 3 3 1 3 4 4 4 5 5 1 1 1 5 5 1 1 1 1 1 0 0 1 0 0 0 1 0 0 1 0 10 1 4 5 5 5 5 5 4 4 5 5 5 2 5 5 5 2 3 3 5 5 1 1 1 1 1 5 5 5 5 1 1 1 1 5 5 5 5 3 1
22 1 0 1 0 1 1 0 3 3 2 3 2 1 3 2 3 4 4 2 2 2 4 5 2 2 2 1 1 0 1 1 0 1 0 0 1 0 0 0 8 6 3 4 4 5 5 5 4 3 3 4 3 2 2 4 3 4 4 2 3 4 2 2 2 2 4 2 3 4 2 2 2 2 2 4 4 3 4 4 1
23 1 0 1 1 1 0 1 3 3 3 4 4 3 3 4 3 4 5 3 1 3 4 4 3 1 3 1 1 0 0 1 0 1 0 1 0 0 0 0 9 1 3 5 5 5 4 5 4 5 4 4 5 3 4 5 4 4 4 1 3 3 4 3 3 3 4 3 4 4 4 2 2 2 2 3 4 4 3 3 0
24 1 0 0 1 1 0 1 3 2 3 4 3 3 2 4 2 3 3 3 2 2 2 4 4 2 4 0 1 0 0 1 0 1 0 1 1 1 0 0 9 2 4 5 5 5 4 5 5 5 4 5 5 5 5 5 5 5 5 3 3 2 2 2 2 1 4 3 4 5 2 2 2 2 2 4 4 4 4 4 0
25 1 1 1 1 1 1 1 3 2 3 4 4 3 3 3 3 5 5 3 1 3 5 5 1 1 1 0 0 0 0 1 0 1 1 1 1 0 0 0 6 3 3 4 4 4 4 5 4 3 3 4 5 3 4 4 4 3 4 3 3 3 3 3 3 3 3 3 4 5 5 1 3 3 1 5 5 5 3 3 1
26 1 1 2 1 1 1 2 3 2 2 3 3 2 1 2 2 4 3 4 3 2 4 3 2 3 4 0 1 1 0 1 0 1 0 0 1 1 0 0 5 5 2 4 4 4 4 4 2 4 4 4 4 3 3 4 4 4 3 4 2 2 2 2 2 2 4 2 3 4 3 2 2 2 2 4 4 4 3 3 1
27 0 0 1 1 0 0 0 3 2 3 4 3 2 2 3 2 3 4 2 2 3 3 3 2 2 2 1 1 0 0 1 0 1 0 0 1 0 0 0 7 3 3 5 4 4 3 5 4 3 4 5 4 1 4 4 3 2 4 4 4 4 4 4 3 4 5 5 3 4 4 2 2 2 2 3 4 3 4 3 0
28 1 0 1 0 1 0 1 3 3 3 3 3 3 3 3 3 3 3 4 4 4 2 3 4 3 4 1 1 0 0 1 0 1 0 1 1 0 1 0 10 6 3 4 5 5 5 5 4 5 5 5 5 2 5 5 5 5 5 2 2 2 2 2 2 2 3 2 4 4 2 3 3 2 2 4 4 4 4 4 1
29 1 2 1 2 1 0 1 4 2 2 4 4 3 3 3 3 5 4 1 1 1 5 4 2 1 1 0 0 0 0 1 1 1 0 1 1 0 0 0 8 1 3 4 4 4 5 5 4 4 4 5 4 4 4 4 3 3 3 1 3 3 3 3 3 1 5 3 3 5 4 1 1 3 1 5 5 4 3 4 1
30 1 1 1 1 1 1 1 3 3 3 3 3 3 2 3 3 4 5 2 1 2 3 4 1 1 1 1 1 0 0 1 0 1 0 1 1 0 0 0 5 1 4 4 4 4 5 5 4 4 3 4 5 4 4 4 5 4 5 1 3 3 3 3 3 3 3 3 2 2 4 2 2 2 2 4 4 5 4 4 0
31 1 0 1 1 1 1 0 3 3 4 3 4 3 4 4 3 5 5 2 1 2 5 4 1 1 2 1 1 0 0 1 0 1 0 1 1 0 0 0 8 1 3 4 3 5 4 5 4 4 4 4 5 1 4 5 3 2 4 2 3 4 4 2 3 3 2 2 3 4 4 2 2 4 2 4 4 4 4 4 1
32 1 1 0 1 1 1 1 3 2 2 2 3 3 2 2 2 4 4 4 2 3 3 3 3 2 4 1 1 1 0 1 1 1 0 1 0 1 1 0 7 4 3 3 3 4 4 4 3 3 4 4 3 2 4 3 4 4 3 2 2 3 2 2 2 2 2 3 3 4 3 3 2 2 2 4 4 4 4 4 1
33 1 1 1 1 0 0 0 3 3 3 3 3 3 3 3 3 4 4 2 3 3 5 4 2 2 3 0 1 0 0 1 1 1 1 1 1 0 0 0 8 8 4 4 4 4 4 4 4 4 4 4 4 3 4 4 4 4 4 3 3 3 3 3 3 3 3 4 4 4 4 2 2 3 2 4 4 4 4 4 0
34 1 0 0 0 0 1 0 3 3 3 3 3 3 3 3 3 4 4 3 2 2 4 4 2 1 2 0 0 0 0 1 1 1 0 1 0 1 0 0 5 4 3 2 4 5 4 5 4 4 4 5 5 4 4 5 5 5 5 4 4 4 3 2 2 1 4 3 3 4 4 2 2 2 2 4 4 4 4 4 0
35 0 0 1 0 1 0 1 4 2 3 3 1 2 1 2 2 4 4 2 2 2 4 4 2 2 2 1 1 0 0 1 0 1 0 1 0 1 1 0 10 10 4 5 5 5 5 5 5 5 5 5 5 3 4 5 3 4 4 3 3 2 2 2 2 2 2 2 3 4 3 2 2 2 2 4 4 4 3 3 1
36 0 1 0 0 0 0 0 3 2 3 3 3 3 2 3 2 4 4 2 2 3 4 3 2 2 3 1 1 0 0 1 0 1 0 1 1 1 0 0 7 2 4 4 4 4 4 4 3 2 2 4 3 3 4 3 4 3 3 3 3 3 3 3 3 3 4 3 4 4 3 2 2 2 2 4 4 4 4 4 0
37 0 1 0 1 0 0 1 3 4 3 3 3 3 2 3 3 3 3 3 2 1 3 3 3 1 3 0 1 0 0 1 0 1 0 1 1 0 0 0 8 5 3 5 5 5 4 5 4 5 5 5 5 4 5 4 5 4 4 3 5 4 3 3 3 3 4 4 4 5 4 1 2 2 1 4 3 4 3 4 1
39 0 1 0 0 1 1 1 3 3 3 3 3 3 3 3 3 4 4 2 2 3 4 4 4 2 4 1 1 0 0 1 0 1 0 1 1 0 0 0 10 10 2 5 5 4 2 4 4 4 5 4 4 4 4 4 4 3 4 2 4 4 4 2 2 4 4 4 2 2 2 3 3 2 2 4 4 4 3 3 0
40 1 1 1 1 1 0 1 4 2 3 4 4 3 2 2 2 4 4 2 2 3 3 4 3 2 3 0 1 0 0 1 0 1 0 1 1 1 1 0 7 3 3 5 4 4 4 4 3 2 2 5 5 4 4 4 4 3 3 3 3 3 3 2 2 2 4 3 3 4 3 3 2 2 1 3 4 3 3 3 0
41 0 0 0 0 0 0 0 4 3 4 3 3 3 2 3 3 4 4 2 2 2 4 4 2 2 2 0 1 0 0 1 0 1 0 1 1 1 0 0 9 6 3 5 5 5 5 5 4 5 4 4 5 4 4 4 4 4 4 4 3 3 3 3 2 2 4 2 4 4 4 2 2 2 2 4 5 4 4 4 0
42 0 0 0 0 0 0 0 3 3 2 4 3 2 2 3 3 4 4 2 2 3 4 4 2 2 2 0 0 0 0 1 0 1 0 1 1 0 0 0 8 5 3 4 5 5 5 5 5 4 4 4 4 4 4 4 5 5 4 4 4 4 4 3 3 3 5 3 4 4 4 3 3 3 3 4 5 4 4 5 1
43 1 0 1 1 0 0 0 3 3 2 3 3 2 2 3 2 4 4 3 2 2 3 3 2 2 4 0 1 0 0 0 0 1 0 1 0 0 1 0 10 5 3 4 4 5 4 4 1 4 4 4 4 1 4 4 4 4 4 3 2 4 2 2 2 2 4 2 4 4 3 2 4 2 2 4 4 4 4 4 1
44 0 0 0 1 0 0 0 3 2 3 3 3 2 3 4 3 4 5 2 1 2 4 5 2 2 4 0 1 1 0 1 0 1 0 1 1 0 0 0 8 5 3 5 5 5 5 5 4 4 3 5 5 4 4 5 4 4 4 1 3 2 2 2 2 2 4 3 4 4 4 1 1 2 1 5 5 5 4 4 0
45 1 1 1 1 1 1 1 3 3 3 3 3 3 3 3 3 4 4 2 2 2 4 4 2 2 3 1 1 1 0 1 1 1 0 1 0 1 1 0 7 7 3 4 4 4 4 4 3 3 4 3 3 3 3 3 3 3 3 3 3 3 3 3 3 3 3 3 3 3 3 2 2 2 2 4 4 4 4 3 1
46 0 0 0 0 0 0 1 2 2 3 3 3 2 3 3 3 5 4 1 1 1 4 4 1 1 2 0 0 0 0 1 0 1 0 1 1 0 0 0 6 1 4 4 4 4 4 5 4 3 4 4 4 2 3 4 4 4 4 2 2 2 2 2 2 2 2 2 2 3 2 2 2 2 2 3 5 5 5 5 0
47 1 1 1 1 1 1 0 3 2 2 3 3 2 2 3 2 4 3 4 2 3 3 3 3 2 4 1 1 1 0 1 1 1 0 1 0 1 1 0 8 5 3 3 4 3 3 3 4 4 4 4 4 3 4 4 5 4 4 5 3 3 2 2 2 2 4 4 4 4 4 1 2 2 1 4 5 4 2 3 1
48 1 1 2 0 2 1 3 4 2 3 4 4 3 4 4 4 4 4 3 4 2 4 3 2 3 2 1 1 1 0 1 0 1 0 1 0 1 0 0 8 3 4 4 5 5 4 5 3 4 5 5 5 5 5 4 4 3 5 3 2 3 2 1 1 1 4 3 2 4 3 2 2 1 1 4 4 4 3 4 1
49 1 2 2 2 2 1 2 2 2 2 3 3 2 2 3 3 4 4 3 2 3 3 4 2 2 3 1 1 0 0 1 0 1 0 1 0 0 0 0 8 2 3 5 5 5 4 4 4 4 5 4 4 2 4 4 5 3 4 2 3 3 2 3 3 1 5 4 3 4 3 2 1 2 1 4 5 4 4 5 1
50 0 0 1 0 0 1 1 3 3 3 3 3 2 2 2 2 4 4 3 2 2 4 3 3 3 2 1 1 0 0 1 1 0 1 0 1 1 1 0 6 4 3 4 4 4 3 4 3 4 3 4 4 3 4 4 4 3 3 3 2 2 2 2 2 2 3 2 4 4 3 2 2 2 1 4 4 4 4 4 0
51 0 0 0 0 0 1 0 3 3 2 3 3 1 3 3 3 4 4 3 2 3 4 4 3 2 2 1 1 0 1 1 1 1 1 1 1 1 1 0 8 4 3 3 4 3 4 3 2 2 2 2 4 3 3 2 3 2 4 4 3 4 3 3 3 3 3 4 4 4 4 2 2 2 2 4 4 4 3 3 1
52 1 0 0 1 0 0 1 3 3 3 4 3 4 2 3 3 4 4 2 2 3 4 4 3 3 3 0 1 0 0 1 1 1 0 1 1 0 0 0 10 1 2 5 5 4 5 5 5 4 4 4 4 4 4 5 5 4 4 2 5 4 3 3 3 4 5 4 4 5 3 4 3 2 2 4 4 4 3 3 0
53 0 0 0 1 1 0 0 1 2 3 2 3 3 2 3 3 4 4 3 2 2 3 3 3 2 4 1 0 0 0 1 0 1 0 1 1 0 0 0 5 2 3 4 4 4 4 4 4 4 4 4 4 4 4 4 4 4 4 2 2 2 2 2 2 2 4 3 3 3 3 2 2 2 2 4 5 4 3 2 1
54 0 0 0 0 0 0 0 3 3 3 3 3 3 2 3 2 4 4 2 2 3 4 4 2 2 2 0 1 0 0 1 0 1 0 1 0 0 0 0 7 7 3 4 4 4 3 4 3 3 2 3 3 4 4 4 5 5 4 2 2 4 4 3 2 3 4 3 4 4 4 2 2 2 2 3 4 3 2 3 1
55 1 1 1 1 1 1 1 3 3 3 4 3 3 3 3 3 4 4 2 2 2 4 4 2 1 4 1 1 0 1 1 0 0 0 1 1 1 0 0 8 2 2 4 4 4 4 4 4 4 4 4 4 4 4 4 4 4 4 4 3 3 3 1 1 1 4 2 2 4 4 2 3 3 1 4 4 4 4 4 0
56 1 0 2 1 2 0 1 4 2 3 4 3 3 1 2 3 4 4 2 2 3 4 4 1 2 1 0 0 0 0 1 0 1 0 1 1 0 0 0 6 2 4 4 5 5 5 5 4 4 5 5 5 3 3 4 5 3 4 2 3 3 2 1 1 1 4 2 4 4 2 2 2 1 1 4 5 4 3 4 0
57 1 0 1 1 1 0 1 2 2 3 3 3 2 2 2 2 3 4 3 1 2 3 4 2 2 3 0 0 0 0 1 0 1 0 1 1 0 0 0 2 2 3 5 4 4 4 4 3 4 3 4 4 3 2 3 3 4 3 3 4 3 3 2 3 2 3 3 3 4 3 2 2 2 2 3 4 4 3 3 0
58 1 1 1 1 1 1 1 3 3 3 3 3 3 3 3 3 4 4 2 2 2 4 4 2 2 2 0 1 0 0 1 0 1 0 1 1 0 0 0 7 2 3 4 4 4 4 4 4 4 4 4 4 4 4 4 4 4 4 3 3 3 3 4 3 2 4 4 4 4 4 2 2 2 2 4 4 4 3 3 0
59 1 1 1 1 0 1 1 3 2 3 3 3 2 2 3 3 3 2 2 1 3 4 3 2 4 3 0 1 1 0 1 0 0 1 1 1 1 0 0 1 1 4 5 5 5 5 5 5 5 4 5 5 5 5 5 4 4 4 2 2 3 2 2 2 2 4 3 5 4 4 1 2 2 2 1 5 5 4 4 1
60 1 0 1 0 0 0 1 4 3 3 4 3 3 2 2 3 4 4 2 2 3 4 4 3 2 2 1 1 0 0 1 0 1 0 1 1 1 1 0 6 5 3 5 4 5 4 4 4 4 5 4 4 3 5 4 3 3 4 3 3 4 3 4 3 2 4 4 3 5 3 2 2 2 2 3 4 4 4 4 1
61 0 0 0 0 0 0 0 3 3 4 4 4 3 3 3 3 5 4 3 2 2 4 3 2 2 2 0 0 0 0 1 0 1 0 1 1 0 0 0 10 1 4 5 5 5 5 5 5 5 5 5 5 5 5 5 5 5 5 2 2 2 2 2 2 2 2 2 4 4 3 3 2 2 2 4 4 4 4 4 0
62 0 0 1 0 1 1 1 3 3 3 3 3 3 2 3 2 4 4 2 2 2 3 4 2 2 2 0 0 0 0 1 0 1 0 1 1 0 0 0 9 6 4 4 4 4 4 4 4 4 3 4 4 3 4 4 4 4 3 2 3 2 2 2 2 2 3 2 4 4 4 3 2 3 3 4 4 4 4 4 1
63 1 0 0 0 0 0 0 4 1 4 4 2 3 1 4 3 4 4 1 1 1 4 4 2 2 1 0 0 0 0 1 0 1 0 1 0 0 0 0 9 5 3 3 3 4 3 4 5 4 5 4 5 1 5 4 4 3 4 1 1 1 1 1 1 1 5 1 5 5 5 1 1 1 1 5 5 5 3 5 0
64 1 2 2 2 2 1 2 2 3 3 2 3 3 2 3 3 2 3 4 2 2 2 3 4 2 3 0 1 0 0 1 1 1 0 1 0 0 1 0 8 2 4 3 4 4 4 4 3 3 4 4 4 4 3 3 4 4 4 4 3 3 3 3 2 2 4 4 4 4 3 2 2 2 2 4 4 4 3 4 1
65 1 0 1 1 1 0 0 4 3 3 3 3 3 3 3 3 4 4 4 2 2 3 4 2 4 3 1 1 0 0 1 0 1 0 1 0 0 0 0 8 2 3 5 5 5 5 5 5 5 5 5 5 4 4 4 5 4 4 2 2 2 2 2 2 1 4 4 4 5 4 1 1 1 1 1 4 4 3 4 1
66 0 0 0 0 0 0 0 4 2 4 4 4 4 4 4 4 5 5 2 2 2 5 5 2 2 4 0 0 0 0 1 0 1 0 1 1 0 0 0 7 9 3 5 5 5 5 5 5 5 5 5 5 5 5 5 5 5 5 1 2 2 2 2 2 2 4 2 2 4 4 2 2 2 2 4 4 4 4 3 0
67 1 1 2 2 2 0 1 3 2 3 4 4 3 2 2 3 4 4 3 3 3 4 3 2 1 4 0 1 0 0 1 1 1 0 1 1 1 0 0 6 2 3 4 5 5 5 5 5 4 3 4 5 4 4 4 4 4 3 2 4 3 3 4 4 3 4 4 4 4 4 2 2 3 3 4 4 4 4 3 1
68 1 1 1 1 1 1 1 3 3 3 3 3 3 1 2 3 3 4 3 2 2 3 4 3 2 3 0 0 1 0 1 1 1 0 1 1 0 1 0 7 6 3 5 5 5 4 5 4 4 4 4 3 3 4 4 4 4 4 2 4 4 3 3 3 3 4 3 4 4 3 2 2 2 2 4 3 4 4 4 0
69 1 0 0 1 1 0 0 4 3 3 3 3 3 2 2 2 3 3 3 3 2 5 3 3 3 3 1 0 1 0 1 0 1 0 1 1 0 0 0 10 10 4 5 5 5 4 4 4 4 3 4 4 3 3 3 4 5 4 3 4 4 5 5 4 4 5 5 4 4 4 3 3 3 1 4 5 5 4 3 0
70 0 1 0 1 1 0 1 3 4 3 2 3 3 2 3 3 5 4 2 2 2 5 4 2 1 4 1 1 0 1 1 0 1 1 1 0 1 0 0 8 1 4 4 4 4 4 4 4 4 3 4 3 2 3 4 4 3 4 2 5 4 4 3 3 1 4 3 5 4 2 3 3 1 1 4 5 5 5 4 0
71 0 0 0 0 0 0 0 1 2 1 2 2 2 2 3 3 5 4 2 2 3 3 4 2 2 2 0 0 0 0 1 0 1 1 1 1 0 0 0 10 2 2 5 5 5 5 4 4 3 4 5 5 3 2 5 5 3 3 3 3 3 4 3 2 2 2 3 3 3 3 2 2 2 2 5 5 5 5 5 1
72 1 0 2 2 1 0 1 3 3 3 4 3 3 3 3 3 4 4 3 2 2 4 4 2 1 3 1 0 0 0 1 1 1 0 1 1 1 0 0 7 4 3 4 4 5 4 5 4 4 5 4 5 1 4 4 4 3 4 4 4 4 4 3 3 3 4 4 4 5 4 2 2 3 2 4 4 4 3 4 1
73 0 0 0 1 0 1 0 4 3 3 4 3 2 2 3 3 4 4 2 2 1 4 3 2 3 2 1 1 0 0 1 0 1 0 1 1 0 0 0 8 2 3 4 4 5 5 5 4 5 4 5 5 1 4 4 5 4 4 2 2 2 1 1 1 1 4 3 2 5 2 1 1 1 1 5 5 5 4 5 1
74 0 0 1 0 2 0 0 3 3 3 3 3 2 2 3 3 4 4 2 2 3 3 4 2 2 2 0 0 0 0 1 1 1 0 1 0 1 0 0 9 2 4 4 4 4 4 5 5 5 4 4 4 4 4 4 4 4 4 3 2 3 2 2 2 2 4 3 5 5 5 2 2 2 2 3 5 4 3 3 1
75 1 1 1 1 1 0 1 3 3 3 4 3 3 3 3 3 4 3 2 2 3 3 4 2 3 3 0 1 1 0 1 0 1 0 1 0 1 0 0 5 5 3 4 5 3 4 5 4 4 3 4 5 5 4 4 5 5 5 3 3 3 2 2 3 1 4 4 3 4 4 2 2 2 2 4 4 4 4 4 0
76 1 0 1 1 0 0 1 3 4 4 4 4 3 4 4 4 5 5 1 1 1 5 5 1 2 1 1 0 0 0 1 0 1 0 1 1 0 0 0 5 5 2 5 5 4 4 4 3 3 4 4 4 3 4 3 4 3 4 3 3 3 3 3 3 4 4 3 2 2 1 2 3 4 3 3 3 3 3 3 0
77 0 0 0 1 0 0 0 3 2 2 3 3 3 3 3 3 3 4 3 2 3 4 4 3 3 3 0 0 0 0 1 1 1 0 1 0 0 0 0 3 1 3 5 4 4 4 4 5 4 4 4 4 4 4 4 4 4 4 2 3 4 2 2 2 2 4 3 3 4 4 1 1 1 1 4 4 4 3 4 1
78 1 1 2 2 3 0 2 3 2 3 4 4 3 2 2 2 3 3 3 4 3 4 4 3 4 4 1 1 0 1 1 0 1 0 1 0 1 1 0 7 3 3 3 4 4 4 4 3 4 4 4 4 4 4 4 4 3 4 5 2 2 1 2 1 1 4 3 3 5 3 3 2 2 2 3 4 4 3 3 1
79 1 1 1 1 1 1 1 3 2 2 3 2 2 2 3 3 4 4 4 3 3 4 3 3 2 2 0 1 0 0 1 0 1 0 1 1 0 0 0 10 1 3 5 5 5 5 5 5 5 4 5 4 4 4 5 5 4 4 4 4 4 4 4 4 2 5 5 5 5 4 2 2 2 2 3 5 5 3 4 0
80 0 1 1 0 1 0 0 2 3 2 2 3 2 2 3 3 4 4 3 2 1 4 4 3 2 3 1 0 0 0 1 0 1 1 0 1 0 1 0 7 2 3 4 3 3 2 3 3 3 2 4 4 2 1 3 3 4 4 3 4 4 4 4 2 2 4 4 4 4 3 3 3 3 2 3 4 4 3 4 0
81 0 0 0 0 0 0 0 4 2 4 4 4 4 4 4 4 5 5 2 1 2 3 5 2 4 4 0 1 1 0 1 1 1 1 1 0 1 0 0 8 3 4 5 5 5 5 5 4 5 5 5 5 3 5 5 4 5 5 1 2 2 2 2 2 2 4 2 5 5 4 1 1 1 1 5 5 5 5 5 0
82 1 1 1 1 1 0 0 3 3 3 2 3 3 2 3 2 4 4 2 2 2 4 4 2 1 1 0 1 0 0 1 0 1 0 0 0 1 0 0 7 1 4 4 4 4 3 4 2 2 3 5 4 2 2 3 4 4 3 2 4 5 4 4 4 3 4 5 4 4 3 4 4 2 2 3 4 4 3 4 1
83 0 0 1 1 0 0 0 2 3 2 2 1 2 1 2 2 4 4 2 2 2 3 4 4 2 2 0 1 0 1 1 0 1 0 0 1 1 1 0 8 3 3 4 5 5 4 5 5 3 3 5 4 4 3 4 4 3 1 1 2 2 2 2 2 2 2 2 3 3 3 2 2 2 1 4 4 4 3 3 1
84 0 0 1 1 0 0 1 3 3 3 4 3 3 2 4 3 4 4 2 2 1 4 4 2 2 2 0 1 0 0 1 1 1 0 1 0 1 1 0 10 1 4 4 4 4 4 4 4 4 3 4 4 2 4 4 5 4 4 4 2 2 2 2 2 2 4 2 5 5 4 2 2 1 1 4 4 4 4 5 0
85 1 0 0 1 1 0 0 4 2 4 4 4 4 3 4 4 5 4 1 1 1 4 5 1 1 1 1 1 0 0 1 1 1 0 1 1 0 0 0 9 2 4 4 4 5 5 5 5 4 4 4 4 2 4 4 4 3 4 2 4 4 4 3 2 2 4 4 5 5 3 2 2 1 1 5 5 5 4 5 0
86 1 1 1 1 2 1 1 3 3 4 4 3 3 3 3 3 4 4 2 2 3 4 5 1 1 4 1 0 0 0 1 0 1 0 1 0 0 0 0 8 8 3 5 5 5 4 5 5 4 4 4 5 4 4 4 5 4 4 2 4 4 4 4 3 4 5 4 4 4 3 2 2 2 1 4 4 4 4 4 0
87 1 1 1 1 2 1 0 3 2 3 3 4 3 2 3 2 4 4 3 2 2 3 4 2 3 2 1 1 0 0 1 0 1 0 0 1 1 0 0 7 5 3 4 4 4 3 4 3 4 3 4 3 2 4 4 4 3 4 4 4 3 3 2 2 2 4 4 3 3 3 3 3 2 2 4 4 4 3 3 0
88 0 0 0 0 0 0 0 3 3 3 3 3 3 3 3 3 4 4 4 2 2 4 4 2 2 2 0 0 0 0 1 0 1 0 1 1 0 0 0 6 4 3 5 5 5 5 5 5 5 5 2 4 2 4 4 4 4 4 2 3 4 4 4 3 3 4 4 4 4 4 3 4 3 2 4 4 4 2 3 0
90 1 1 1 1 1 1 1 3 3 3 4 3 3 3 3 3 4 4 4 2 3 3 4 3 1 2 0 1 0 0 1 0 1 0 1 0 0 0 0 5 5 3 4 4 4 4 4 2 4 4 4 4 4 3 3 3 1 1 4 4 4 4 4 3 3 4 4 4 4 4 3 2 2 1 3 5 4 4 3 1
91 1 0 1 1 1 0 0 1 3 3 4 4 2 2 3 2 5 4 2 1 3 4 5 1 1 4 1 1 0 0 1 0 1 0 1 1 0 0 0 7 1 4 5 5 5 4 5 4 4 4 5 5 4 4 5 5 5 5 3 5 4 3 3 3 1 5 5 5 5 3 2 3 1 1 4 5 5 5 4 1
92 1 1 1 1 1 1 1 4 3 3 4 4 3 3 3 3 5 5 5 1 2 5 5 2 2 3 0 1 0 1 1 1 1 0 1 0 0 1 0 9 1 4 5 5 5 5 5 5 5 4 5 5 4 4 4 5 5 5 2 3 3 2 2 2 2 2 3 4 4 4 2 3 2 2 4 4 4 4 4 0
93 1 1 1 1 1 1 1 3 2 3 4 3 3 2 3 2 4 4 2 1 2 3 4 2 2 3 0 1 0 0 1 0 1 0 0 0 0 0 0 10 1 3 5 5 4 5 5 4 4 2 4 4 4 4 4 4 2 4 2 2 5 3 2 2 2 5 3 4 4 4 2 1 1 1 4 4 4 4 5 0
94 0 0 1 1 0 1 1 3 2 4 3 3 3 2 4 3 1 4 3 2 2 4 4 2 2 2 1 1 0 0 1 1 1 0 1 1 0 1 0 8 8 3 4 5 5 4 4 4 4 4 4 4 2 4 3 4 4 4 3 2 2 2 2 2 2 3 3 3 5 3 2 2 2 2 4 4 4 3 4 0
95 1 2 1 1 1 1 1 2 3 2 2 2 2 2 2 2 4 4 4 2 3 4 4 2 2 2 1 1 0 0 1 0 1 0 0 0 1 1 1 7 8 3 3 3 3 4 4 3 3 3 4 3 3 3 3 3 1 1 3 3 3 3 3 3 3 3 3 3 3 3 3 3 3 3 3 3 3 3 3 1
96 0 0 1 1 1 0 0 4 2 3 3 3 2 3 3 3 4 4 2 1 3 2 3 2 2 3 0 1 0 1 1 0 1 0 1 1 0 0 0 6 1 3 4 5 4 4 5 5 4 5 5 5 5 5 4 5 4 4 2 4 2 2 2 2 1 4 4 2 5 2 1 1 1 1 4 5 4 4 4 0
97 1 0 1 1 1 0 0 4 3 3 4 4 3 3 3 3 5 5 4 1 3 4 5 1 1 3 1 1 0 0 1 0 1 0 1 1 0 0 0 8 1 3 5 5 5 5 5 5 5 4 5 5 1 5 5 5 5 5 4 4 4 3 1 1 1 3 3 4 5 5 1 1 1 1 4 1 5 2 5 0
98 0 1 0 0 0 0 0 4 4 3 4 4 4 2 3 3 4 4 3 2 3 3 4 2 2 2 1 1 0 0 1 0 1 0 1 1 0 0 0 5 1 4 2 4 4 2 4 4 4 4 4 4 4 4 4 4 4 4 3 4 4 4 4 3 2 3 3 4 4 4 2 3 2 2 4 4 4 4 4 1
99 1 1 0 0 1 0 0 3 3 2 4 3 2 2 2 2 3 3 3 2 3 3 3 3 4 3 0 0 1 0 1 0 1 0 1 0 0 0 0 5 6 3 4 4 4 3 4 3 3 2 3 3 2 3 3 3 2 2 2 2 2 2 2 1 1 4 3 5 3 3 3 3 2 1 3 3 4 3 3 1
100 1 1 1 1 0 0 1 3 3 3 3 3 3 2 3 3 4 4 2 1 2 4 4 3 2 3 1 1 0 0 1 0 1 0 1 0 0 1 0 5 8 3 4 4 4 2 4 3 3 4 4 4 3 3 4 4 4 4 3 3 3 3 3 3 2 4 3 4 4 4 3 4 3 2 4 4 4 3 3 1
101 1 1 2 1 1 0 1 4 3 3 3 3 4 4 4 3 5 4 2 1 3 5 5 1 2 3 1 0 0 0 1 0 1 0 1 1 0 0 0 5 1 4 5 4 4 4 4 5 5 5 5 5 4 5 5 5 4 4 2 2 2 2 2 1 1 4 1 4 5 4 3 2 2 1 5 4 5 4 4 1
102 2 1 1 1 1 1 1 4 3 3 4 3 2 3 3 3 4 4 3 2 2 4 4 2 3 2 0 1 0 0 1 0 1 0 1 0 0 0 0 5 2 3 5 4 4 4 4 5 5 4 4 4 1 4 4 4 4 4 2 4 3 3 2 3 2 4 3 3 4 4 1 1 2 1 5 4 5 3 4 1
103 1 1 1 1 1 1 1 3 3 3 3 3 3 2 3 3 4 4 3 1 2 4 3 3 2 4 1 1 1 1 1 0 0 0 1 0 1 1 0 9 6 2 4 5 5 5 5 4 4 4 5 5 3 4 4 4 4 5 3 2 3 3 2 2 2 4 2 3 4 5 1 1 1 1 4 4 4 4 4 0
104 0 1 0 0 1 0 1 3 4 4 2 3 3 3 3 3 5 5 2 3 2 4 4 3 2 2 0 0 0 1 1 1 0 1 1 1 0 0 0 5 4 3 4 3 4 4 5 4 4 3 3 4 3 4 4 4 4 3 3 2 3 3 3 3 3 4 4 5 5 4 2 2 3 2 4 5 4 4 4 1
105 1 0 1 1 1 0 1 3 3 3 3 3 2 2 3 3 3 3 3 2 2 3 3 2 2 1 0 1 0 0 1 1 1 0 1 1 1 0 0 9 2 3 4 5 5 4 5 4 3 3 3 4 5 3 4 4 4 3 4 3 3 3 3 2 3 4 3 3 4 4 2 2 2 2 3 3 4 3 3 0
106 0 0 0 1 1 0 0 3 2 3 3 3 3 1 3 3 4 4 2 1 2 4 4 2 2 3 1 1 0 0 1 0 1 0 1 0 0 0 0 7 1 4 5 4 5 5 5 4 5 4 5 4 4 3 5 4 4 4 2 2 5 4 3 3 3 4 3 2 5 4 2 2 2 1 4 4 4 5 5 1
107 0 0 0 0 0 0 0 3 4 3 3 3 2 2 3 3 5 4 2 1 2 3 5 4 1 3 0 0 0 0 1 0 1 0 1 1 0 0 0 8 1 3 4 4 4 5 5 4 4 3 5 4 3 4 4 4 4 4 2 2 2 1 2 2 1 4 2 4 5 4 1 2 4 1 4 5 4 4 5 1
108 0 0 0 1 0 0 1 4 1 4 4 3 4 4 3 4 5 5 2 1 2 5 5 1 2 1 0 0 0 1 1 0 1 0 1 1 0 0 0 10 1 4 5 5 5 5 5 5 5 5 5 5 5 5 5 5 5 5 1 1 1 1 1 1 1 5 1 5 5 5 1 1 1 1 5 5 5 5 5 1
109 1 1 0 0 0 0 0 3 3 3 4 4 3 2 3 3 4 4 4 2 4 3 4 2 3 3 0 1 0 0 1 0 1 1 0 0 1 0 0 7 5 2 4 4 4 4 4 3 3 3 4 4 1 4 4 4 3 4 2 2 3 3 2 3 3 3 3 4 4 4 1 1 1 1 4 4 4 4 4 0
110 0 0 0 0 1 0 0 3 2 3 3 3 2 2 3 2 4 4 3 3 2 3 4 4 2 3 0 1 1 0 1 0 1 1 1 1 0 0 0 9 2 3 5 5 5 5 5 4 5 4 5 5 5 4 4 5 4 3 3 3 3 1 1 3 2 5 4 5 5 4 1 1 1 1 5 4 4 3 3 1
111 2 2 1 1 2 1 1 3 2 4 4 3 2 3 3 3 4 3 3 2 2 3 4 3 2 2 1 1 0 0 1 1 1 0 1 1 1 0 0 6 6 3 4 4 4 3 4 3 4 5 4 5 4 4 4 5 5 5 2 2 2 2 2 2 2 4 3 4 4 3 2 2 2 2 3 4 3 2 3 1
112 1 1 2 1 2 1 2 3 2 3 3 3 3 3 3 3 3 3 3 2 2 3 3 2 3 3 0 1 0 1 1 1 1 0 1 1 0 1 0 10 5 3 4 5 5 5 5 4 3 4 3 4 3 4 4 4 4 4 3 2 2 2 2 2 2 4 3 2 4 2 2 2 2 2 4 5 3 4 4 1
113 0 0 0 0 0 1 1 3 2 3 3 3 3 3 3 3 4 4 2 1 3 4 4 1 2 3 1 1 0 1 1 1 1 0 1 1 1 1 0 6 4 4 4 4 4 4 5 4 4 4 3 4 4 4 4 4 4 4 2 4 3 3 3 3 3 3 4 3 4 2 2 2 2 2 4 4 4 4 4 1
114 1 1 1 1 3 1 1 3 2 3 4 3 3 3 3 3 4 4 2 2 2 3 3 3 3 4 1 1 0 0 1 1 1 0 1 0 0 0 0 10 3 4 5 5 4 4 4 3 4 4 4 5 5 5 5 5 4 5 2 2 2 1 1 1 1 3 4 2 2 4 2 2 2 1 4 5 5 5 5 1
115 1 1 2 1 1 1 1 3 2 3 3 3 3 3 3 3 4 4 2 2 3 4 5 2 2 2 0 0 0 0 1 0 1 0 1 1 0 0 0 8 4 3 5 5 5 4 5 5 5 5 5 5 4 4 5 4 4 4 3 4 4 4 4 3 2 4 4 4 4 5 2 2 2 2 5 5 5 4 5 1
116 1 0 1 0 0 1 0 4 3 4 4 4 3 1 1 2 4 4 2 1 2 4 5 1 2 3 0 0 0 0 1 0 1 0 1 1 0 0 0 10 4 3 4 4 4 4 4 2 1 2 5 1 1 2 4 3 2 2 3 1 2 2 3 3 1 4 4 4 4 2 2 2 2 1 3 4 4 3 4 0
117 0 0 0 1 1 0 0 3 3 3 4 4 3 3 3 3 4 4 2 2 1 4 5 2 2 3 0 1 0 0 1 1 1 0 1 1 0 0 0 7 2 4 5 5 5 5 5 4 4 4 4 5 4 4 5 5 4 4 2 2 3 2 4 2 2 4 3 4 4 3 2 2 2 2 4 4 4 3 4 1
118 0 1 1 1 2 0 1 3 3 3 4 4 3 3 3 3 4 4 3 2 2 4 4 2 1 3 0 1 0 0 1 1 1 0 1 1 0 1 0 9 2 4 5 5 5 5 5 4 4 4 5 5 4 4 4 5 5 4 2 2 2 2 2 2 2 3 3 3 5 2 2 2 2 1 5 5 5 4 4 0
119 1 1 1 1 2 0 3 3 3 4 4 4 2 2 2 2 5 5 3 2 2 5 4 2 2 3 0 1 1 1 1 0 1 0 1 1 1 0 0 6 7 3 3 5 5 3 5 3 4 4 5 5 4 4 4 4 3 4 2 2 2 2 2 2 2 4 2 4 4 3 2 2 2 2 4 4 3 3 4 1
120 2 2 2 2 2 0 1 4 3 4 3 3 4 3 3 2 5 5 1 1 1 5 4 1 1 1 0 1 0 0 1 0 1 0 1 0 0 1 0 8 5 3 5 4 4 4 4 2 4 4 5 4 3 4 4 5 2 4 1 3 1 1 1 1 1 5 3 3 4 3 2 1 1 1 5 4 4 3 4 0
121 1 0 0 1 1 1 1 3 2 3 3 3 3 3 3 3 4 3 3 2 3 3 4 3 3 4 0 1 0 0 1 0 1 0 1 1 0 0 0 7 7 4 5 4 4 4 4 4 4 3 4 4 3 3 4 4 3 3 2 4 4 3 2 2 3 2 4 5 5 5 2 2 2 2 4 4 4 4 4 1
122 0 1 1 1 1 1 1 3 2 3 3 2 2 2 2 2 4 3 3 3 3 3 4 2 3 4 1 1 0 0 1 1 1 0 1 1 1 1 0 3 3 2 4 4 4 4 5 4 4 4 4 4 4 3 4 4 4 4 4 4 4 4 4 4 4 4 4 4 4 4 3 2 2 2 3 4 4 3 3 0
123 1 0 0 1 0 0 0 4 3 4 3 4 3 2 4 4 5 4 2 1 2 4 4 4 2 2 0 0 0 1 1 0 1 0 1 1 0 0 0 7 9 4 5 4 4 4 4 4 4 4 5 4 3 3 4 4 4 4 2 2 3 2 3 3 3 4 4 3 2 3 4 3 3 2 4 4 4 4 4 1
124 0 1 0 1 1 0 0 3 3 3 3 3 2 2 3 3 5 4 2 2 3 4 5 3 2 4 0 1 0 0 1 0 1 0 1 0 0 0 0 8 7 3 5 4 4 4 4 4 4 4 4 4 4 4 4 4 4 5 4 4 3 3 4 3 4 4 3 3 4 4 3 2 3 2 4 3 3 3 3 1
125 0 1 1 0 1 2 2 3 2 3 3 3 2 2 3 3 3 4 3 2 2 3 3 2 2 2 0 0 1 0 1 0 0 0 1 0 0 0 0 8 8 4 4 4 5 4 5 5 5 4 5 4 4 4 5 5 4 4 4 3 3 3 3 2 2 4 4 3 3 4 2 2 1 1 3 4 4 3 3 0
127 1 1 0 1 0 0 0 3 3 3 3 3 3 2 3 2 4 4 3 2 3 3 4 3 2 3 0 0 0 0 1 0 1 0 1 0 0 0 0 9 4 4 4 4 4 4 4 4 4 4 4 4 4 4 4 4 4 4 4 5 4 2 2 2 2 4 4 3 3 4 2 2 2 2 4 4 4 4 4 1
128 1 1 1 2 1 1 1 3 2 2 3 3 2 3 3 3 3 3 4 2 2 4 3 1 2 4 0 1 0 0 1 1 1 0 1 1 1 0 0 5 4 3 5 5 4 4 4 4 4 4 4 4 4 5 4 3 3 4 4 2 2 2 3 2 1 3 4 3 4 4 2 2 2 2 3 4 4 3 3 0
129 0 1 1 1 1 0 1 3 3 3 4 4 2 2 3 3 4 4 2 2 3 4 5 2 2 2 1 1 1 0 1 0 1 1 0 0 0 1 0 7 1 4 5 5 5 4 4 4 3 3 4 4 2 5 5 5 4 3 2 5 5 4 2 2 2 3 2 4 5 3 1 2 2 2 5 5 5 5 5 0
130 0 0 0 0 0 0 0 3 3 3 3 3 3 3 3 3 4 4 2 2 3 4 4 2 2 2 0 0 0 0 1 0 1 0 1 0 1 0 0 6 8 3 5 4 4 4 5 4 4 4 4 4 4 4 4 4 4 4 2 4 4 4 3 2 2 4 4 3 4 4 2 2 2 2 4 4 4 4 4 0
131 1 1 1 1 1 0 0 3 3 3 4 3 2 2 3 3 4 3 3 2 2 4 4 2 2 3 0 0 0 0 1 0 1 0 1 1 1 0 0 5 5 4 5 5 5 4 5 4 4 3 5 5 2 4 4 5 5 4 2 3 2 2 3 2 1 4 3 4 4 3 2 2 2 1 4 4 4 4 4 0
132 1 1 0 1 1 1 1 4 3 4 4 4 4 3 3 3 5 4 2 1 2 4 3 2 3 4 0 0 0 0 1 0 1 1 1 0 0 0 0 7 9 3 4 4 4 4 5 5 5 4 4 4 4 5 4 4 4 4 3 3 3 3 2 2 1 4 2 4 4 4 2 1 1 1 4 4 4 4 4 1
134 1 1 1 1 1 1 1 2 2 3 4 4 3 2 1 1 5 4 2 3 1 4 4 3 2 3 0 0 0 0 1 0 1 0 1 0 0 0 0 6 5 4 5 5 5 4 4 4 4 4 5 4 3 4 4 5 4 4 3 3 3 2 3 2 2 4 3 3 4 3 3 2 2 2 4 5 5 5 5 0
135 1 1 1 1 0 0 1 3 2 3 4 4 2 2 3 3 4 4 3 2 4 3 3 3 2 2 0 0 0 0 1 0 1 0 1 1 0 0 0 7 1 3 4 4 4 4 4 4 4 4 4 3 3 4 3 4 4 4 3 4 4 3 3 3 3 4 4 3 4 3 3 2 2 1 3 4 3 3 4 1
136 1 1 2 2 1 1 1 3 4 2 3 3 2 2 2 2 3 3 4 2 3 2 4 1 1 2 1 1 0 0 1 0 1 1 0 0 0 1 1 5 2 3 3 4 4 4 3 1 2 3 3 3 1 2 3 3 1 2 4 4 4 3 2 3 3 3 4 4 4 2 2 2 2 1 3 3 4 3 3 1
137 0 0 0 1 1 0 1 3 2 2 3 3 2 2 2 2 3 3 3 2 3 3 3 2 3 3 0 0 1 0 1 0 1 0 1 1 0 0 0 8 2 4 4 5 5 4 4 4 4 4 4 4 2 4 4 4 4 4 4 4 4 4 3 3 3 4 3 3 5 4 3 3 3 3 3 4 4 4 4 1
138 1 1 1 2 1 1 1 3 3 2 3 3 2 2 2 2 3 4 3 2 3 4 3 3 3 3 1 0 0 1 1 0 1 1 1 0 0 1 0 8 2 3 4 5 4 4 5 4 4 4 4 4 4 4 4 4 4 4 3 3 3 2 2 2 2 4 2 3 4 4 2 2 4 2 3 4 3 2 2 0
139 1 1 1 1 1 1 1 2 3 3 3 3 3 3 3 3 4 4 4 2 2 4 4 2 1 4 1 1 0 1 1 1 1 0 1 1 0 1 0 10 1 4 5 4 5 4 4 4 4 3 5 4 3 3 4 4 4 4 2 2 3 4 3 3 2 4 4 3 4 4 2 2 3 2 4 4 4 3 4 1
140 2 3 1 1 1 1 1 3 3 3 3 3 3 3 3 3 5 5 3 2 2 4 3 2 2 3 0 1 1 1 0 0 1 0 1 1 1 0 0 5 6 3 4 5 4 4 4 4 4 4 4 4 4 4 4 4 4 4 4 4 4 4 4 3 3 4 4 4 3 3 3 3 3 2 3 4 3 4 4 1
142 0 0 0 1 0 0 0 4 4 3 4 3 3 2 3 3 4 5 1 1 1 4 4 2 1 3 0 1 0 0 1 0 1 0 1 1 0 0 0 9 1 4 5 4 5 5 5 5 5 4 5 5 4 4 5 5 5 5 2 4 3 3 3 4 3 4 4 4 5 5 1 1 1 1 5 5 5 5 4 0
143 2 3 1 1 2 0 0 3 3 4 3 3 3 3 3 3 4 4 2 2 2 4 4 2 2 2 0 0 0 0 1 0 1 0 1 0 0 0 0 3 2 3 5 5 5 5 5 5 4 5 5 4 4 4 5 5 4 4 4 4 4 4 4 4 2 4 4 4 4 2 2 2 2 2 4 4 4 4 4 1
144 1 0 0 0 1 0 1 3 3 4 4 3 3 4 4 4 5 4 3 2 3 3 4 2 2 4 0 0 0 0 1 0 1 1 1 1 1 0 0 10 5 3 4 4 4 5 5 4 2 4 5 3 3 4 4 3 1 3 5 5 4 2 2 2 2 3 4 3 5 4 1 1 2 1 4 4 5 4 4 1
145 1 1 2 2 1 0 0 3 2 4 2 3 3 3 2 3 5 4 3 2 3 4 5 2 1 2 1 1 0 1 1 1 1 0 1 0 0 0 0 10 8 3 4 5 4 4 4 3 4 4 5 4 2 4 4 4 2 3 3 4 3 2 2 2 2 4 2 4 5 4 2 2 3 3 4 4 4 2 3 1
146 2 1 1 2 1 1 2 2 3 2 3 3 2 2 3 3 4 4 3 2 3 4 5 3 2 2 1 1 0 0 1 0 0 0 0 0 1 1 0 8 5 3 4 5 5 5 3 2 5 4 4 5 2 4 4 3 3 4 3 4 3 3 3 1 1 4 4 4 5 3 2 3 5 1 3 4 5 3 3 0
147 0 0 0 1 1 0 0 3 3 3 3 3 2 3 3 2 4 4 2 2 3 3 3 2 1 2 0 0 0 0 1 1 1 0 1 1 0 0 0 5 2 3 4 4 4 3 3 3 4 2 4 3 2 3 3 4 3 3 4 3 3 3 3 3 3 4 3 4 4 3 3 2 2 2 3 4 3 3 4 1
148 0 1 0 1 0 0 1 4 3 3 3 3 3 4 4 4 4 4 2 2 2 4 4 2 2 3 0 1 0 0 1 1 1 1 1 1 0 1 0 9 5 3 4 5 5 4 4 4 3 4 5 4 3 4 4 4 3 4 4 3 3 2 2 2 1 3 3 3 3 3 2 2 2 2 4 4 4 4 4 0
149 1 1 1 1 1 1 1 3 3 3 4 4 1 3 3 3 4 4 2 2 2 4 4 2 3 2 0 0 0 0 1 0 1 0 1 1 1 1 0 10 5 4 4 4 3 2 4 3 2 2 5 3 3 3 4 5 2 3 3 4 3 3 3 3 3 3 3 3 3 3 3 3 3 3 3 5 5 5 5 0
150 0 0 0 0 1 0 1 4 1 4 4 3 2 1 3 4 5 5 1 1 1 5 5 2 1 1 0 0 0 0 1 0 1 0 1 1 0 0 0 3 8 4 5 5 5 5 5 4 4 5 5 5 1 4 4 4 3 4 1 1 1 1 1 1 1 5 5 5 5 5 1 1 1 1 5 5 5 5 5 1
151 1 1 1 0 1 0 0 2 2 2 2 2 1 1 2 2 4 3 3 2 3 3 4 3 2 4 0 0 0 0 1 0 1 0 1 1 0 0 0 3 2 3 3 3 3 2 2 2 2 1 2 2 1 2 3 3 3 3 4 3 3 3 3 3 3 3 4 4 4 4 3 3 3 3 3 3 4 3 3 1
152 1 1 1 1 2 1 2 3 2 2 3 2 1 1 2 1 4 4 3 3 3 3 4 2 2 2 1 1 1 1 1 0 0 0 0 0 0 0 0 5 5 2 4 4 5 5 5 5 4 3 4 4 5 4 4 4 4 3 4 3 3 3 3 2 2 3 3 2 4 2 2 2 2 2 3 3 3 2 2 1
153 0 1 1 0 1 0 0 3 3 3 3 3 3 2 3 2 4 4 2 2 3 4 3 2 2 4 1 0 0 0 1 1 1 0 1 1 1 0 0 9 1 3 4 4 4 4 3 4 4 2 5 4 3 2 4 4 3 4 2 4 4 4 5 2 3 5 3 4 5 2 2 2 2 2 4 4 4 4 4 0
154 1 0 1 1 0 0 1 4 2 4 3 3 2 3 4 4 4 3 4 1 3 3 5 2 3 4 1 1 0 0 1 1 1 0 1 1 0 0 0 8 4 4 5 5 5 4 5 4 4 4 4 4 3 3 4 2 3 4 4 3 2 3 2 3 2 4 3 5 5 4 3 3 3 2 4 4 4 3 4 1
155 1 1 0 1 1 1 0 3 3 3 4 3 3 3 3 3 4 4 2 1 2 4 4 1 1 1 1 1 0 1 1 1 0 1 1 0 1 0 0 8 5 4 4 5 5 4 5 4 4 5 4 4 5 5 5 5 5 4 1 1 2 3 2 1 1 4 3 4 5 5 1 1 1 1 1 5 5 4 4 1
156 0 1 1 0 0 1 0 4 2 3 3 3 3 3 3 4 4 4 2 2 3 3 4 1 1 2 0 1 0 0 1 1 1 1 1 1 0 0 1 5 1 3 4 4 4 4 4 4 3 4 4 4 4 3 4 4 4 4 2 2 2 2 2 2 1 4 3 4 5 4 2 2 2 2 4 4 4 3 4 0
157 1 1 1 1 1 0 1 4 3 3 4 3 3 4 3 3 4 4 3 3 3 3 5 4 1 4 1 1 0 1 1 1 1 0 1 1 0 0 0 9 5 4 5 5 5 4 5 4 4 4 5 5 4 5 4 5 5 5 2 5 5 5 5 5 3 5 5 5 5 4 2 1 1 1 5 4 3 3 4 1
158 2 2 1 2 1 1 0 3 2 3 3 4 3 3 3 3 4 4 2 1 4 3 4 2 2 3 1 0 0 0 1 1 1 0 1 1 0 0 0 10 5 4 5 5 4 4 4 4 4 4 4 5 2 4 4 5 3 3 2 4 2 1 1 2 1 5 2 4 5 3 2 1 1 1 3 4 4 2 3 1
159 2 1 2 1 1 1 1 3 2 3 3 3 3 3 3 3 4 4 3 2 2 3 3 2 2 2 0 0 0 1 1 0 1 0 1 0 1 0 0 10 8 3 5 5 5 5 5 5 5 5 5 4 4 4 4 4 4 4 4 4 4 4 3 2 2 4 4 4 4 3 4 2 2 2 3 4 4 4 4 0
160 0 1 0 1 0 0 1 3 3 3 3 3 3 2 3 2 4 4 2 2 3 4 4 2 2 3 1 1 1 0 1 0 1 0 1 1 0 0 0 5 5 3 5 4 4 4 4 4 4 4 4 5 2 4 4 4 4 4 3 4 4 4 4 3 4 5 4 4 4 4 2 2 2 2 4 4 4 4 4 0
161 1 1 1 1 1 1 1 3 3 3 2 2 2 2 2 2 3 3 3 3 3 4 3 3 3 3 1 1 0 0 1 0 1 0 1 1 1 0 0 5 5 3 5 4 4 4 4 4 4 4 4 4 4 4 4 4 4 4 3 4 3 4 3 3 3 3 3 4 4 4 2 2 3 2 3 4 4 4 4 1
162 0 1 1 1 1 1 1 2 3 2 2 3 2 2 3 3 3 4 3 2 2 3 4 2 2 3 1 0 0 0 1 0 1 0 0 0 0 1 0 5 3 3 5 4 4 4 3 3 3 3 5 4 5 3 4 4 3 4 3 3 3 3 2 3 2 4 2 3 4 3 3 3 3 2 3 3 4 3 1 0
163 0 0 1 1 0 0 0 4 3 4 4 4 4 3 3 3 5 5 2 2 2 4 4 2 2 4 1 1 0 0 1 0 1 0 1 1 0 0 0 8 4 3 5 5 5 4 4 4 4 4 4 4 4 4 4 4 4 4 2 2 4 4 2 2 2 4 4 4 4 4 1 1 2 2 4 4 4 3 4 1
164 1 1 1 2 1 0 2 3 2 2 3 4 2 2 3 2 3 4 3 2 2 4 3 2 3 2 0 1 1 0 1 1 0 0 0 0 1 1 0 8 2 3 4 4 4 4 4 3 3 3 5 4 4 4 3 4 3 4 2 2 2 2 2 2 2 4 4 4 4 3 2 2 2 2 3 3 4 3 3 0
165 0 1 0 2 1 1 1 4 2 4 3 4 3 3 3 3 5 5 1 1 2 5 5 1 1 4 1 1 1 1 1 1 1 0 1 1 1 1 0 8 2 3 4 5 5 4 4 3 3 4 5 4 3 5 5 5 4 5 3 3 5 3 3 3 3 5 5 2 5 4 1 1 1 1 4 4 4 4 4 0
166 0 0 1 0 1 0 0 3 3 4 2 3 4 3 4 2 5 5 1 1 2 3 5 1 1 2 0 0 0 0 1 0 1 0 1 1 0 0 0 2 4 4 4 5 4 3 5 3 4 2 5 5 2 3 4 5 4 4 2 2 2 1 2 1 1 4 2 4 4 3 2 1 1 1 4 4 4 4 3 0
167 1 1 1 1 1 0 1 3 3 3 3 3 2 3 3 3 3 3 2 2 3 3 3 1 3 2 0 1 0 1 1 1 0 0 0 0 0 1 0 3 4 3 4 4 4 4 5 4 4 4 4 4 2 4 4 4 4 5 3 3 3 3 3 2 1 4 3 3 4 4 2 2 2 1 3 5 4 3 4 0
168 1 1 1 1 1 0 1 3 3 3 3 2 2 2 3 2 4 3 4 2 3 3 3 2 2 3 0 0 0 0 1 0 1 0 1 0 0 1 0 7 3 3 4 4 4 4 5 4 4 4 4 4 2 2 3 3 4 4 3 4 3 3 3 3 3 3 4 3 4 4 3 3 3 3 3 4 4 3 4 0
169 1 0 0 0 1 1 0 4 3 3 4 4 3 3 4 4 4 4 2 3 2 5 4 1 1 2 0 1 0 0 1 0 1 0 1 1 1 0 0 9 1 4 5 5 4 4 4 4 4 5 4 4 4 4 4 4 4 5 2 3 4 3 2 3 2 4 3 5 5 4 2 2 2 1 3 4 4 3 4 0
170 1 1 1 1 1 0 1 3 2 3 3 3 2 2 3 3 4 3 2 2 2 3 3 2 2 3 0 1 0 0 1 1 1 0 1 1 1 1 0 6 3 3 4 3 4 3 3 3 3 3 4 5 3 3 4 3 3 3 3 3 3 2 3 3 2 4 2 4 3 3 2 2 2 2 3 4 4 3 3 1
171 0 0 0 0 1 0 0 3 4 2 3 4 3 4 4 4 4 4 4 2 3 3 3 2 5 3 0 0 0 0 1 1 1 0 1 1 0 0 0 8 3 2 5 4 4 4 4 4 5 4 5 5 2 5 4 5 4 5 3 4 3 3 2 2 2 4 3 2 4 3 2 2 2 3 4 4 4 3 4 1
172 1 1 2 1 3 1 1 3 2 2 3 2 2 1 2 2 3 4 3 3 3 4 3 3 3 3 1 0 0 0 1 1 1 0 1 0 0 0 0 5 5 3 3 3 4 4 4 3 3 2 3 3 3 3 4 3 3 3 3 3 3 3 3 2 3 3 3 3 3 3 3 3 3 3 3 3 3 3 3 0
173 1 0 1 1 0 0 0 3 2 2 4 3 2 2 2 3 4 3 2 1 2 3 4 1 1 3 1 1 0 0 1 0 1 0 1 1 0 1 0 8 10 3 4 4 4 3 3 2 3 3 3 4 2 4 4 4 3 3 2 3 2 2 2 2 1 4 2 5 5 5 3 3 2 1 4 4 4 3 3 0
174 1 0 0 1 1 0 0 3 3 3 3 2 3 3 3 3 5 4 3 2 4 3 4 3 2 4 0 1 0 1 1 1 0 1 1 1 0 0 0 8 6 4 5 4 5 5 4 4 4 4 5 3 1 2 4 4 3 4 2 5 4 3 3 2 2 2 3 4 4 2 3 3 2 2 4 4 4 4 3 1
175 0 0 0 0 0 0 0 4 3 3 3 3 3 2 3 3 4 4 2 2 2 4 4 2 2 2 1 0 0 1 1 0 1 0 1 1 0 0 0 9 9 2 3 4 5 5 5 4 5 4 4 5 2 4 4 4 3 3 2 5 4 2 2 2 3 5 5 3 5 3 2 2 2 2 4 4 4 4 4 0
176 0 1 1 1 0 0 1 3 3 3 2 3 3 3 3 3 4 4 3 1 2 4 4 1 2 2 0 1 0 0 1 1 1 0 1 0 0 0 0 6 4 4 4 4 4 4 4 3 3 3 4 4 3 4 3 4 4 4 2 3 3 2 2 2 2 3 3 4 4 3 2 2 2 2 4 4 4 3 4 0
177 1 0 0 1 1 0 1 3 3 3 4 4 2 3 3 3 5 5 2 2 2 4 5 3 2 4 0 1 1 0 1 1 0 1 0 0 1 0 0 10 4 3 4 4 3 4 2 2 2 4 4 4 1 4 4 5 3 5 5 4 4 4 2 2 2 4 4 3 5 3 2 4 2 2 3 4 4 3 2 1
178 1 1 1 1 1 0 1 3 3 3 3 3 3 3 3 3 5 5 2 2 3 4 4 2 2 2 0 1 0 0 1 0 1 0 1 1 0 0 0 5 5 3 5 5 5 5 5 5 5 4 5 5 2 4 5 5 4 4 2 4 4 3 3 3 1 4 5 3 5 2 2 2 1 1 4 4 4 3 3 1
179 1 0 0 1 1 1 2 3 2 3 4 3 3 1 3 3 3 4 2 2 3 4 4 2 2 3 0 1 1 0 1 0 1 0 1 0 0 1 0 7 5 4 3 4 4 4 4 3 4 4 4 4 3 3 4 4 4 3 4 4 4 4 3 3 3 4 4 3 4 4 2 2 2 2 4 4 4 3 3 1
180 1 0 1 1 2 1 1 3 2 2 2 2 3 2 3 1 3 4 4 2 2 3 3 2 3 1 0 1 0 1 1 1 1 1 1 0 1 1 0 10 6 3 5 4 5 5 3 4 4 3 5 2 3 2 4 4 1 2 5 2 2 3 3 2 2 4 3 4 4 3 2 2 3 2 4 3 4 2 3 0
181 0 0 1 1 0 1 1 2 2 3 3 4 2 2 2 2 4 4 3 2 3 4 4 2 4 3 1 1 0 0 1 0 1 0 1 1 0 1 0 6 8 3 3 3 3 3 4 3 3 2 4 3 2 2 2 3 3 2 4 3 3 2 2 2 2 4 4 5 5 3 2 1 1 1 4 4 4 3 3 0
182 1 1 1 1 1 0 1 3 3 3 4 4 3 3 3 3 5 5 2 2 2 4 4 2 2 3 0 0 0 0 1 0 1 0 1 1 0 0 0 8 1 4 4 4 4 4 4 4 4 5 4 4 3 4 4 4 4 4 2 2 4 3 3 2 1 4 3 4 5 3 3 2 2 1 5 5 5 5 4 0
183 1 0 1 1 1 1 0 4 2 3 4 4 4 3 3 3 4 4 2 2 4 4 4 3 2 2 1 1 0 0 1 0 1 0 1 1 0 0 0 5 1 4 5 5 5 5 5 5 4 4 5 4 3 4 4 4 2 4 2 4 4 3 3 3 2 4 2 2 5 3 2 2 2 1 4 4 5 4 4 0
184 2 3 2 1 1 1 2 3 3 3 3 3 3 3 3 3 4 4 3 2 4 4 4 2 2 2 1 0 0 0 1 0 1 0 1 0 0 0 0 7 8 3 4 4 5 4 4 4 4 4 4 4 3 4 4 4 4 3 4 4 4 3 4 3 3 4 4 4 4 4 2 2 2 2 4 4 4 4 4 0
187 0 0 0 1 1 0 0 3 2 3 4 3 3 3 2 3 3 3 3 2 2 2 4 3 3 4 0 1 0 0 1 1 1 0 1 1 1 1 0 7 2 3 4 4 5 5 5 4 4 4 5 4 4 4 4 4 4 4 3 3 3 2 2 2 1 1 2 2 4 3 2 2 2 1 4 3 3 3 4 0
188 1 1 1 1 1 0 1 4 3 4 4 3 3 3 3 2 4 3 4 2 2 3 3 1 1 4 1 1 0 0 1 0 1 0 1 0 1 1 0 10 1 2 5 5 5 3 3 3 3 3 4 5 1 4 4 4 4 4 2 3 2 2 2 2 1 3 2 5 5 5 3 2 2 1 4 5 4 2 4 1
189 2 2 2 1 1 1 2 4 2 3 3 3 3 3 3 3 4 4 4 3 3 4 4 3 4 3 1 1 1 0 1 1 1 0 1 1 1 0 0 7 8 3 4 5 5 5 5 5 5 4 4 4 4 5 5 4 4 4 5 3 3 3 2 2 1 3 3 3 3 3 2 2 3 2 4 4 4 3 3 0
190 1 0 1 1 1 1 1 3 3 3 4 3 2 2 3 1 4 4 3 2 3 2 4 3 3 3 1 1 1 0 1 1 1 0 1 0 1 1 0 7 3 3 5 5 5 5 4 3 4 2 5 5 2 4 5 5 3 3 4 3 3 3 2 2 2 4 3 4 5 4 2 2 1 1 3 4 4 3 4 1
192 0 0 0 0 0 0 0 3 3 3 4 4 4 2 2 3 5 5 3 1 3 4 5 2 1 3 0 0 0 0 1 0 1 0 1 1 0 0 0 7 2 3 4 4 4 4 5 4 3 3 4 4 4 4 4 5 3 4 2 4 4 4 4 4 4 4 4 3 4 3 2 3 3 2 3 4 4 3 4 0
193 0 0 3 3 0 0 3 2 4 4 3 3 3 3 3 3 4 4 2 2 4 4 4 2 2 2 1 1 0 1 1 0 1 0 1 1 0 0 0 9 1 3 5 4 5 5 5 5 4 4 3 4 4 4 4 5 4 4 2 5 5 4 5 4 4 5 5 3 4 4 3 3 3 2 3 4 4 3 3 0
194 1 1 0 1 0 0 0 4 3 4 4 4 4 4 4 4 4 5 2 2 1 4 4 2 2 2 1 0 0 0 1 0 1 1 1 1 0 0 0 3 3 3 3 3 4 5 5 4 4 5 2 4 2 5 5 3 4 4 3 3 4 3 3 2 2 4 4 4 3 2 2 2 2 2 4 4 4 2 3 0
195 1 1 2 1 1 1 3 3 3 2 3 3 2 2 2 2 4 3 3 3 3 3 4 2 4 3 0 1 0 0 1 0 1 0 1 0 0 0 0 7 6 4 5 5 4 2 4 2 4 2 4 5 2 3 3 4 4 3 3 2 2 2 2 2 2 4 2 3 4 3 2 3 2 2 3 4 4 4 4 0
196 0 1 1 1 1 0 0 3 2 3 3 3 3 3 3 3 4 4 2 2 3 3 4 2 2 4 1 1 0 0 1 0 1 0 1 1 0 0 0 9 1 4 4 4 4 4 5 4 4 4 5 5 4 4 4 4 4 4 2 4 3 4 3 3 3 4 4 4 5 4 1 2 2 2 5 4 4 4 4 0
197 0 1 0 0 0 0 0 4 4 3 4 4 4 4 4 4 5 5 2 2 2 5 4 1 1 4 1 0 0 1 1 1 1 0 1 1 0 0 0 10 1 4 5 5 5 5 5 5 5 5 5 5 3 5 5 5 5 5 4 4 4 4 4 4 4 4 4 4 5 5 5 2 2 2 4 5 5 5 5 1
198 1 1 1 1 1 0 0 3 3 3 3 3 1 2 3 2 3 3 3 4 3 3 3 3 2 3 1 1 0 0 1 1 1 0 1 0 1 1 0 7 6 3 3 4 3 4 4 4 3 3 3 3 2 2 3 4 2 3 3 3 4 4 4 3 3 4 4 4 4 4 2 3 3 2 3 4 4 3 4 0
199 1 1 1 1 1 0 1 3 3 3 4 4 3 3 3 3 3 4 3 2 3 4 4 3 2 2 0 1 0 0 1 0 1 0 1 1 0 0 0 10 8 3 5 5 5 5 5 4 4 4 4 5 3 4 4 4 4 4 2 4 4 4 4 4 4 4 3 4 4 4 2 2 2 2 4 4 4 3 4 1
200 0 0 1 1 1 0 1 3 3 3 4 3 2 1 1 1 3 3 2 2 2 2 3 3 1 3 1 1 0 0 1 0 1 0 1 1 0 1 0 6 8 2 5 5 5 5 5 5 5 2 4 4 2 3 4 4 4 3 3 3 3 3 3 2 1 4 4 3 4 2 3 2 1 1 1 4 3 3 4 0
201 1 1 1 1 1 0 2 4 3 3 3 4 3 3 3 3 3 4 3 2 1 3 4 1 2 1 1 1 1 1 1 1 1 0 1 0 1 1 0 8 2 4 5 5 5 4 5 4 3 5 5 5 4 5 4 4 4 5 3 3 4 3 3 2 2 4 3 4 4 4 2 2 2 2 4 4 4 3 4 0
202 0 1 0 0 1 1 0 4 3 3 4 4 3 3 3 4 5 5 2 1 3 3 4 1 1 2 0 1 0 1 1 0 0 0 1 1 0 0 0 9 8 3 5 5 4 4 5 3 5 4 5 4 4 3 5 5 4 5 2 4 1 3 3 3 2 4 4 3 4 3 2 4 3 1 4 4 4 4 4 0
203 1 1 1 1 1 1 1 4 3 3 4 4 3 2 2 3 4 3 3 2 3 4 4 2 1 3 1 1 0 0 1 0 1 0 1 1 0 0 0 9 1 3 4 5 5 5 5 5 5 4 5 4 5 4 4 5 4 5 5 3 3 3 4 3 5 4 4 3 5 5 3 3 3 2 3 4 4 3 3 0
204 1 1 2 0 1 0 1 3 3 3 4 3 3 3 3 2 4 3 3 2 3 4 4 3 2 3 1 0 0 0 1 0 1 0 0 0 1 0 0 8 3 3 4 4 4 4 5 3 3 3 4 4 2 3 3 4 4 4 4 2 3 2 2 2 2 3 3 4 4 3 3 2 2 2 4 4 4 4 4 0
205 0 0 0 1 1 1 1 4 2 4 4 4 4 3 4 4 4 4 2 1 2 4 5 1 2 3 0 1 1 0 1 0 1 0 1 0 0 1 0 10 1 4 4 4 5 4 3 2 2 5 5 4 1 4 3 4 2 4 4 2 3 3 3 3 3 4 4 4 4 4 2 2 2 2 4 4 4 4 3 1
206 1 1 0 0 1 0 0 4 3 3 4 3 3 3 4 4 4 3 3 2 4 3 4 4 2 4 1 1 0 1 1 1 1 0 1 1 0 0 0 10 10 4 5 5 5 4 5 5 4 4 5 5 3 4 5 5 3 4 4 5 3 3 5 2 2 5 4 4 5 2 1 2 2 2 4 4 4 4 4 1
207 1 1 0 1 0 1 1 3 3 3 3 3 3 3 3 3 4 4 2 2 2 3 4 2 2 2 1 0 0 0 1 0 1 0 1 1 0 0 0 8 7 3 4 4 4 4 4 4 4 4 4 4 4 4 5 5 4 4 2 2 2 4 3 2 2 3 2 2 3 3 2 2 2 2 4 4 4 4 4 0
208 1 1 1 1 1 1 0 3 2 3 4 3 3 2 2 2 3 4 3 2 5 4 3 3 2 4 1 1 1 0 1 0 1 0 1 0 0 1 0 7 4 3 4 4 4 3 5 4 4 3 4 4 1 4 5 5 4 3 3 2 2 2 1 1 1 4 2 3 4 3 1 3 3 1 5 4 5 3 4 1
